33 150
---
0 0 0 0 4 0 0 0 0 0 0 0 0 0 0 0 0 0 0 0 0 0 0 0 0 0 0 0 0 4 0 0 0 
0 0 0 4 4 0 0 0 0 0 0 0 0 0 0 0 0 0 0 0 0 0 0 0 0 0 0 0 0 4 4 0 0 
0 0 4 6 4 4 0 0 0 0 0 0 0 0 0 0 0 0 0 0 0 0 0 0 0 0 0 0 4 6 4 0 0 
0 4 4 6 4 0 0 0 0 0 0 0 0 0 0 0 0 0 0 0 0 0 0 0 0 0 0 0 4 6 6 4 0 
0 0 6 4 0 0 0 0 0 0 0 0 0 0 0 8 8 8 0 0 0 0 0 0 0 0 0 0 0 4 6 4 0 
8 8 8 9 8 8 0 0 0 0 0 0 0 0 8 8 8 8 8 0 0 8 8 0 0 0 0 8 8 8 9 8 8 
0 0 8 8 0 0 0 0 0 0 0 8 8 8 0 8 8 8 8 0 8 8 8 0 0 0 0 0 0 8 8 0 0 
0 0 8 8 8 0 0 0 0 0 0 8 8 8 8 0 8 8 8 8 8 8 8 8 0 0 0 0 8 8 8 0 0 
0 0 8 8 8 8 0 0 0 8 8 8 8 8 8 8 0 8 8 8 0 8 8 8 8 0 0 8 8 8 8 0 0 
0 0 8 8 0 8 8 0 8 8 8 8 0 0 0 0 0 0 0 0 0 0 8 8 8 0 8 8 0 8 8 0 0 
0 0 0 0 0 0 8 0 8 8 8 0 8 0 8 9 9 9 9 0 8 0 0 8 8 0 8 0 0 0 0 0 0 
0 0 0 0 0 0 0 8 0 8 8 0 0 8 9 9 9 9 9 9 0 8 0 0 8 8 0 0 0 0 0 0 0 
0 0 0 0 0 0 0 8 8 0 0 8 0 8 9 9 9 9 9 8 0 8 0 8 8 8 8 0 0 0 0 0 0 
0 0 0 0 0 0 8 8 8 8 0 8 0 8 9 9 9 9 8 0 0 0 0 0 8 8 8 0 0 0 0 0 0 
0 0 0 0 0 0 8 8 8 8 0 8 0 8 9 9 8 0 0 2 0 8 0 0 8 8 8 8 0 0 0 0 0 
0 0 0 0 0 0 8 8 8 8 8 0 0 8 8 0 0 0 2 2 0 8 0 8 0 8 8 8 8 0 0 0 0 
0 0 0 0 0 0 0 0 0 8 8 8 0 0 0 0 0 2 2 2 0 8 0 0 0 8 8 8 8 0 0 0 0 
0 0 0 0 0 8 8 8 8 8 0 8 0 0 0 0 0 0 0 2 0 0 0 8 0 0 8 8 8 0 0 0 0 
0 0 0 0 0 0 8 8 8 8 0 8 0 6 0 0 0 0 0 0 0 0 0 8 0 8 8 8 8 0 0 0 0 
0 0 0 0 0 8 0 8 0 8 8 8 6 0 6 0 6 0 0 0 0 0 0 8 0 8 8 8 8 0 0 0 0 
0 0 0 0 0 8 8 8 0 8 0 8 6 6 0 6 0 6 0 0 0 0 0 8 0 0 8 8 8 0 0 0 0 
0 0 0 0 8 8 8 8 8 8 8 6 6 6 6 0 6 6 0 6 0 0 0 0 0 8 8 8 8 0 0 0 0 
0 0 0 0 8 8 8 8 8 8 0 6 6 6 6 6 6 0 6 6 0 6 0 0 0 8 8 8 8 8 0 0 0 
0 0 0 0 0 8 8 8 0 0 0 6 6 6 6 6 6 6 0 0 6 6 0 0 0 8 8 8 8 0 0 0 0 
0 0 0 0 0 0 0 0 0 0 6 6 6 6 6 6 6 6 6 0 6 0 6 0 0 0 8 8 8 0 0 0 0 
0 0 0 0 0 0 0 0 0 0 0 0 0 0 0 0 0 0 0 0 0 0 0 0 0 0 0 0 0 0 4 0 0 
0 0 0 4 0 0 0 0 0 0 0 0 0 0 0 0 0 0 0 0 0 0 0 0 0 0 0 0 0 4 4 0 0 
0 0 0 4 4 0 0 0 0 0 0 0 0 0 0 0 0 0 0 0 0 0 0 0 0 0 0 0 0 4 6 4 0 
0 0 4 6 4 4 0 0 0 0 0 0 0 0 0 0 0 0 0 0 0 0 0 0 0 0 0 0 0 4 6 4 4 
0 0 4 6 4 0 0 0 0 0 0 0 0 0 0 8 8 8 0 0 0 0 0 0 0 0 0 0 0 4 6 4 0 
8 8 8 9 8 8 0 0 0 0 0 0 0 0 8 8 8 8 8 0 0 8 8 0 0 0 0 8 8 8 9 8 8 
0 0 8 8 0 0 0 0 0 0 0 8 8 8 0 8 8 8 8 0 8 8 8 0 0 0 0 0 0 8 8 0 0 
0 0 8 8 8 0 0 0 0 0 0 8 8 8 8 0 8 8 8 8 8 8 8 8 0 0 0 0 8 8 8 0 0 
0 0 8 8 8 8 0 0 0 8 8 8 8 8 8 8 0 8 8 8 0 8 8 8 8 0 0 8 8 8 8 0 0 
0 0 8 8 0 8 8 0 8 8 8 8 0 0 0 0 0 0 0 0 0 0 8 8 8 0 8 8 0 8 8 0 0 
0 0 0 0 0 0 8 0 8 8 8 0 8 0 8 9 9 9 9 0 8 0 0 8 8 0 8 0 0 0 0 0 0 
0 0 0 0 0 0 0 8 0 8 8 0 0 8 9 9 9 9 9 9 0 8 0 0 8 8 0 0 0 0 0 0 0 
0 0 0 0 0 0 0 8 8 0 0 8 0 8 9 9 9 9 9 8 0 8 0 8 8 8 8 0 0 0 0 0 0 
0 0 0 0 0 0 8 8 8 8 0 8 0 8 9 9 9 9 8 0 0 0 0 0 8 8 8 0 0 0 0 0 0 
0 0 0 0 0 0 8 8 8 8 0 8 0 8 9 9 8 0 0 2 0 8 0 0 8 8 8 8 0 0 0 0 0 
0 0 0 0 0 0 8 8 8 8 8 0 0 8 8 0 0 0 2 2 0 8 0 8 0 8 8 8 8 0 0 0 0 
0 0 0 0 0 0 0 0 0 8 8 8 0 0 0 0 0 2 2 2 0 8 0 0 0 8 8 8 8 0 0 0 0 
0 0 0 0 0 8 8 8 8 8 0 8 0 0 0 0 0 0 0 2 0 0 0 8 0 0 8 8 8 0 0 0 0 
0 0 0 0 0 0 8 8 8 8 0 8 0 6 0 0 0 0 0 0 0 0 0 8 0 8 8 8 8 0 0 0 0 
0 0 0 0 0 8 0 8 0 8 8 8 6 0 6 0 6 0 0 0 0 0 0 8 0 8 8 8 8 0 0 0 0 
0 0 0 0 0 8 8 8 0 8 0 8 6 6 0 6 0 6 0 0 0 0 0 8 0 0 8 8 8 0 0 0 0 
0 0 0 0 8 8 8 8 8 8 8 6 6 6 6 0 6 6 0 6 0 0 0 0 0 8 8 8 8 0 0 0 0 
0 0 0 0 8 8 8 8 8 8 0 6 6 6 6 6 6 0 6 6 0 6 0 0 0 8 8 8 8 8 0 0 0 
0 0 0 0 0 8 8 8 0 0 0 6 6 6 6 6 6 6 0 0 6 6 0 0 0 8 8 8 8 0 0 0 0 
0 0 0 0 0 0 0 0 0 0 6 6 6 6 6 6 6 6 6 0 6 0 6 0 0 0 8 8 8 0 0 0 0 
0 0 4 0 0 0 0 0 0 0 0 0 0 0 0 0 0 0 0 0 0 0 0 0 0 0 0 0 4 0 4 0 0 
0 0 4 4 0 0 0 0 0 0 0 0 0 0 0 0 0 0 0 0 0 0 0 0 0 0 0 0 4 4 4 0 0 
0 4 6 4 0 0 0 0 0 0 0 0 0 0 0 0 0 0 0 0 0 0 0 0 0 0 0 0 4 6 4 0 0 
0 4 6 6 4 0 0 0 0 0 0 0 0 0 0 0 0 0 0 0 0 0 0 0 0 0 0 0 0 4 6 4 0 
0 0 4 6 4 0 0 0 0 0 0 0 0 0 0 8 8 8 0 0 0 0 0 0 0 0 0 0 0 6 6 0 0 
8 8 8 9 8 8 0 0 0 0 0 0 0 0 8 8 8 8 8 0 0 8 8 0 0 0 0 8 8 8 9 8 8 
0 0 8 8 0 0 0 0 0 0 0 8 8 8 0 8 8 8 8 0 8 8 8 0 0 0 0 0 0 8 8 0 0 
0 0 8 8 8 0 0 0 0 0 0 8 8 8 8 0 8 8 8 8 8 8 8 8 0 0 0 0 8 8 8 0 0 
0 0 8 8 8 8 0 0 0 8 8 8 8 8 8 8 0 8 8 8 0 8 8 8 8 0 0 8 8 8 8 0 0 
0 0 8 8 0 8 8 0 8 8 8 8 0 0 0 0 0 0 0 0 0 0 8 8 8 0 8 8 0 8 8 0 0 
0 0 0 0 0 0 8 0 8 8 8 0 8 0 8 9 9 9 9 0 8 0 0 8 8 0 8 0 0 0 0 0 0 
0 0 0 0 0 0 0 8 0 8 8 0 0 8 9 9 9 9 9 9 0 8 0 0 8 8 0 0 0 0 0 0 0 
0 0 0 0 0 0 0 8 8 0 0 8 0 8 9 9 9 9 9 8 0 8 0 8 8 8 8 0 0 0 0 0 0 
0 0 0 0 0 0 8 8 8 8 0 8 0 8 9 9 9 9 8 0 0 0 0 0 8 8 8 0 0 0 0 0 0 
0 0 0 0 0 0 8 8 8 8 0 8 0 8 9 9 8 0 0 2 0 8 0 0 8 8 8 8 0 0 0 0 0 
0 0 0 0 0 0 8 8 8 8 8 0 0 8 8 0 0 0 2 2 0 8 0 8 0 8 8 8 8 0 0 0 0 
0 0 0 0 0 0 0 0 0 8 8 8 0 0 0 0 0 2 2 2 0 8 0 0 0 8 8 8 8 0 0 0 0 
0 0 0 0 0 8 8 8 8 8 0 8 0 0 0 0 0 0 0 2 0 0 0 8 0 0 8 8 8 0 0 0 0 
0 0 0 0 0 0 8 8 8 8 0 8 0 6 0 0 0 0 0 0 0 0 0 8 0 8 8 8 8 0 0 0 0 
0 0 0 0 0 8 0 8 0 8 8 8 6 0 6 0 6 0 0 0 0 0 0 8 0 8 8 8 8 0 0 0 0 
0 0 0 0 0 8 8 8 0 8 0 8 6 6 0 6 0 6 0 0 0 0 0 8 0 0 8 8 8 0 0 0 0 
0 0 0 0 8 8 8 8 8 8 8 6 6 6 6 0 6 6 0 6 0 0 0 0 0 8 8 8 8 0 0 0 0 
0 0 0 0 8 8 8 8 8 8 0 6 6 6 6 6 6 0 6 6 0 6 0 0 0 8 8 8 8 8 0 0 0 
0 0 0 0 0 8 8 8 0 0 0 6 6 6 6 6 6 6 0 0 6 6 0 0 0 8 8 8 8 0 0 0 0 
0 0 0 0 0 0 0 0 0 0 6 6 6 6 6 6 6 6 6 0 6 0 6 0 0 0 8 8 8 0 0 0 0 
0 0 0 4 0 0 0 0 0 0 0 0 0 0 0 0 0 0 0 0 0 0 0 0 0 0 0 0 0 4 0 4 0 
0 0 4 4 0 0 0 0 0 0 0 0 0 0 0 0 0 0 0 0 0 0 0 0 0 0 0 0 0 4 4 4 0 
0 0 4 6 4 0 0 0 0 0 0 0 0 0 0 0 0 0 0 0 0 0 0 0 0 0 0 0 4 4 6 4 0 
0 0 4 6 4 4 0 0 0 0 0 0 0 0 0 0 0 0 0 0 0 0 0 0 0 0 0 0 4 6 4 0 0 
0 0 4 6 4 0 0 0 0 0 0 0 0 0 0 8 8 8 0 0 0 0 0 0 0 0 0 0 0 6 4 0 0 
8 8 8 9 8 8 0 0 0 0 0 0 0 0 8 8 8 8 8 0 0 8 8 0 0 0 0 8 8 8 9 8 8 
0 0 8 8 0 0 0 0 0 0 0 8 8 8 0 8 8 8 8 0 8 8 8 0 0 0 0 0 0 8 8 0 0 
0 0 8 8 8 0 0 0 0 0 0 8 8 8 8 0 8 8 8 8 8 8 8 8 0 0 0 0 8 8 8 0 0 
0 0 8 8 8 8 0 0 0 8 8 8 8 8 8 8 0 8 8 8 0 8 8 8 8 0 0 8 8 8 8 0 0 
0 0 8 8 0 8 8 0 8 8 8 8 0 0 0 0 0 0 0 0 0 0 8 8 8 0 8 8 0 8 8 0 0 
0 0 0 0 0 0 8 0 8 8 8 0 8 0 8 9 9 9 9 0 8 0 0 8 8 0 8 0 0 0 0 0 0 
0 0 0 0 0 0 0 8 0 8 8 0 0 8 9 9 9 9 9 9 0 8 0 0 8 8 0 0 0 0 0 0 0 
0 0 0 0 0 0 0 8 8 0 0 8 0 8 9 9 9 9 9 8 0 8 0 8 8 8 8 0 0 0 0 0 0 
0 0 0 0 0 0 8 8 8 8 0 8 0 8 9 9 9 9 8 0 0 0 0 0 8 8 8 0 0 0 0 0 0 
0 0 0 0 0 0 8 8 8 8 0 8 0 8 9 9 8 0 0 2 0 8 0 0 8 8 8 8 0 0 0 0 0 
0 0 0 0 0 0 8 8 8 8 8 0 0 8 8 0 0 0 2 2 0 8 0 8 0 8 8 8 8 0 0 0 0 
0 0 0 0 0 0 0 0 0 8 8 8 0 0 0 0 0 2 2 2 0 8 0 0 0 8 8 8 8 0 0 0 0 
0 0 0 0 0 8 8 8 8 8 0 8 0 0 0 0 0 0 0 2 0 0 0 8 0 0 8 8 8 0 0 0 0 
0 0 0 0 0 0 8 8 8 8 0 8 0 6 0 0 0 0 0 0 0 0 0 8 0 8 8 8 8 0 0 0 0 
0 0 0 0 0 8 0 8 0 8 8 8 6 0 6 0 6 0 0 0 0 0 0 8 0 8 8 8 8 0 0 0 0 
0 0 0 0 0 8 8 8 0 8 0 8 6 6 0 6 0 6 0 0 0 0 0 8 0 0 8 8 8 0 0 0 0 
0 0 0 0 8 8 8 8 8 8 8 6 6 6 6 0 6 6 0 6 0 0 0 0 0 8 8 8 8 0 0 0 0 
0 0 0 0 8 8 8 8 8 8 0 6 6 6 6 6 6 0 6 6 0 6 0 0 0 8 8 8 8 8 0 0 0 
0 0 0 0 0 8 8 8 0 0 0 6 6 6 6 6 6 6 0 0 6 6 0 0 0 8 8 8 8 0 0 0 0 
0 0 0 0 0 0 0 0 0 0 6 6 6 6 6 6 6 6 6 0 6 0 6 0 0 0 8 8 8 0 0 0 0 
0 4 0 4 0 0 0 0 0 0 0 0 0 0 0 0 0 0 0 0 0 0 0 0 0 0 0 0 0 0 0 4 0 
0 4 4 4 0 0 0 0 0 0 0 0 0 0 0 0 0 0 0 0 0 0 0 0 0 0 0 0 0 0 4 4 0 
0 4 6 4 0 0 0 0 0 0 0 0 0 0 0 0 0 0 0 0 0 0 0 0 0 0 0 0 0 4 6 4 4 
0 0 4 6 4 0 0 0 0 0 0 0 0 0 0 0 0 0 0 0 0 0 0 0 0 0 0 0 4 4 6 4 0 
0 0 6 6 0 0 0 0 0 0 0 0 0 0 0 8 8 8 0 0 0 0 0 0 0 0 0 0 0 6 4 0 0 
8 8 8 9 8 8 0 0 0 0 0 0 0 0 8 8 8 8 8 0 0 8 8 0 0 0 0 8 8 8 9 8 8 
0 0 8 8 0 0 0 0 0 0 0 8 8 8 0 8 8 8 8 0 8 8 8 0 0 0 0 0 0 8 8 0 0 
0 0 8 8 8 0 0 0 0 0 0 8 8 8 8 0 8 8 8 8 8 8 8 8 0 0 0 0 8 8 8 0 0 
0 0 8 8 8 8 0 0 0 8 8 8 8 8 8 8 0 8 8 8 0 8 8 8 8 0 0 8 8 8 8 0 0 
0 0 8 8 0 8 8 0 8 8 8 8 0 0 0 0 0 0 0 0 0 0 8 8 8 0 8 8 0 8 8 0 0 
0 0 0 0 0 0 8 0 8 8 8 0 8 0 8 9 9 9 9 0 8 0 0 8 8 0 8 0 0 0 0 0 0 
0 0 0 0 0 0 0 8 0 8 8 0 0 8 9 9 9 9 9 9 0 8 0 0 8 8 0 0 0 0 0 0 0 
0 0 0 0 0 0 0 8 8 0 0 8 0 8 9 9 9 9 9 8 0 8 0 8 8 8 8 0 0 0 0 0 0 
0 0 0 0 0 0 8 8 8 8 0 8 0 8 9 9 9 9 8 0 0 0 0 0 8 8 8 0 0 0 0 0 0 
0 0 0 0 0 0 8 8 8 8 0 8 0 8 9 9 8 0 0 2 0 8 0 0 8 8 8 8 0 0 0 0 0 
0 0 0 0 0 0 8 8 8 8 8 0 0 8 8 0 0 0 2 2 0 8 0 8 0 8 8 8 8 0 0 0 0 
0 0 0 0 0 0 0 0 0 8 8 8 0 0 0 0 0 2 2 2 0 8 0 0 0 8 8 8 8 0 0 0 0 
0 0 0 0 0 8 8 8 8 8 0 8 0 0 0 0 0 0 0 2 0 0 0 8 0 0 8 8 8 0 0 0 0 
0 0 0 0 0 0 8 8 8 8 0 8 0 6 0 0 0 0 0 0 0 0 0 8 0 8 8 8 8 0 0 0 0 
0 0 0 0 0 8 0 8 0 8 8 8 6 0 6 0 6 0 0 0 0 0 0 8 0 8 8 8 8 0 0 0 0 
0 0 0 0 0 8 8 8 0 8 0 8 6 6 0 6 0 6 0 0 0 0 0 8 0 0 8 8 8 0 0 0 0 
0 0 0 0 8 8 8 8 8 8 8 6 6 6 6 0 6 6 0 6 0 0 0 0 0 8 8 8 8 0 0 0 0 
0 0 0 0 8 8 8 8 8 8 0 6 6 6 6 6 6 0 6 6 0 6 0 0 0 8 8 8 8 8 0 0 0 
0 0 0 0 0 8 8 8 0 0 0 6 6 6 6 6 6 6 0 0 6 6 0 0 0 8 8 8 8 0 0 0 0 
0 0 0 0 0 0 0 0 0 0 6 6 6 6 6 6 6 6 6 0 6 0 6 0 0 0 8 8 8 0 0 0 0 
0 0 4 0 4 0 0 0 0 0 0 0 0 0 0 0 0 0 0 0 0 0 0 0 0 0 0 0 0 0 0 0 0 
0 0 4 4 4 0 0 0 0 0 0 0 0 0 0 0 0 0 0 0 0 0 0 0 0 0 0 0 0 0 4 0 0 
0 4 4 6 4 0 0 0 0 0 0 0 0 0 0 0 0 0 0 0 0 0 0 0 0 0 0 0 0 0 4 4 0 
0 4 6 4 0 0 0 0 0 0 0 0 0 0 0 0 0 0 0 0 0 0 0 0 0 0 0 0 0 4 6 4 4 
0 0 6 4 0 0 0 0 0 0 0 0 0 0 0 8 8 8 0 0 0 0 0 0 0 0 0 0 0 4 6 4 0 
8 8 8 9 8 8 0 0 0 0 0 0 0 0 8 8 8 8 8 0 0 8 8 0 0 0 0 8 8 8 9 8 8 
0 0 8 8 0 0 0 0 0 0 0 8 8 8 0 8 8 8 8 0 8 8 8 0 0 0 0 0 0 8 8 0 0 
0 0 8 8 8 0 0 0 0 0 0 8 8 8 8 0 8 8 8 8 8 8 8 8 0 0 0 0 8 8 8 0 0 
0 0 8 8 8 8 0 0 0 8 8 8 8 8 8 8 0 8 8 8 0 8 8 8 8 0 0 8 8 8 8 0 0 
0 0 8 8 0 8 8 0 8 8 8 8 0 0 0 0 0 0 0 0 0 0 8 8 8 0 8 8 0 8 8 0 0 
0 0 0 0 0 0 8 0 8 8 8 0 8 0 8 9 9 9 9 0 8 0 0 8 8 0 8 0 0 0 0 0 0 
0 0 0 0 0 0 0 8 0 8 8 0 0 8 9 9 9 9 9 9 0 8 0 0 8 8 0 0 0 0 0 0 0 
0 0 0 0 0 0 0 8 8 0 0 8 0 8 9 9 9 9 9 8 0 8 0 8 8 8 8 0 0 0 0 0 0 
0 0 0 0 0 0 8 8 8 8 0 8 0 8 9 9 9 9 8 0 0 0 0 0 8 8 8 0 0 0 0 0 0 
0 0 0 0 0 0 8 8 8 8 0 8 0 8 9 9 8 0 0 2 0 8 0 0 8 8 8 8 0 0 0 0 0 
0 0 0 0 0 0 8 8 8 8 8 0 0 8 8 0 0 0 2 2 0 8 0 8 0 8 8 8 8 0 0 0 0 
0 0 0 0 0 0 0 0 0 8 8 8 0 0 0 0 0 2 2 2 0 8 0 0 0 8 8 8 8 0 0 0 0 
0 0 0 0 0 8 8 8 8 8 0 8 0 0 0 0 0 0 0 2 0 0 0 8 0 0 8 8 8 0 0 0 0 
0 0 0 0 0 0 8 8 8 8 0 8 0 6 0 0 0 0 0 0 0 0 0 8 0 8 8 8 8 0 0 0 0 
0 0 0 0 0 8 0 8 0 8 8 8 6 0 6 0 6 0 0 0 0 0 0 8 0 8 8 8 8 0 0 0 0 
0 0 0 0 0 8 8 8 0 8 0 8 6 6 0 6 0 6 0 0 0 0 0 8 0 0 8 8 8 0 0 0 0 
0 0 0 0 8 8 8 8 8 8 8 6 6 6 6 0 6 6 0 6 0 0 0 0 0 8 8 8 8 0 0 0 0 
0 0 0 0 8 8 8 8 8 8 0 6 6 6 6 6 6 0 6 6 0 6 0 0 0 8 8 8 8 8 0 0 0 
0 0 0 0 0 8 8 8 0 0 0 6 6 6 6 6 6 6 0 0 6 6 0 0 0 8 8 8 8 0 0 0 0 
0 0 0 0 0 0 0 0 0 0 6 6 6 6 6 6 6 6 6 0 6 0 6 0 0 0 8 8 8 0 0 0 0 
