21 96
---
-1 -1 4 -1 -1 -1 -1 -1 -1 -1 -1 -1 -1 -1 -1 -1 -1 -1 4 -1 -1 
-1 4 12 4 -1 -1 -1 -1 -1 -1 -1 -1 -1 -1 -1 -1 -1 -1 12 4 -1 
-1 4 4 -1 -1 -1 -1 -1 -1 -1 8 -1 -1 -1 -1 -1 -1 -1 4 6 -1 
-1 8 5 -1 -1 -1 -1 -1 -1 8 8 8 -1 8 -1 -1 -1 -1 8 8 8 
-1 8 8 -1 -1 -1 -1 8 8 -1 8 8 -1 8 8 -1 -1 -1 8 8 -1 
-1 8 8 8 -1 -1 8 -1 -1 8 -1 8 8 -1 8 8 -1 8 8 8 -1 
-1 -1 -1 -1 -1 8 8 -1 -1 -1 1 1 -1 -1 -1 8 4 -1 -1 -1 -1 
-1 -1 -1 -1 8 -1 -1 -1 -1 9 9 9 1 -1 -1 8 8 -1 -1 -1 -1 
-1 -1 -1 -1 8 8 -1 -1 -1 9 9 1 -1 -1 -1 -1 8 -1 -1 -1 -1 
-1 -1 -1 -1 8 8 -1 -1 -1 1 -1 -1 -1 -1 -1 -1 8 8 -1 -1 -1 
-1 -1 -1 -1 -1 -1 8 -1 -1 -1 -1 2 -1 -1 -1 -1 8 8 -1 -1 -1 
-1 -1 -1 -1 8 8 -1 8 4 -1 -1 4 -1 -1 -1 -1 8 8 -1 -1 -1 
-1 -1 -1 -1 8 -1 -1 8 4 4 4 -1 -1 -1 -1 -1 8 8 -1 -1 -1 
-1 -1 -1 8 8 8 8 6 6 4 4 4 4 -1 -1 -1 -1 8 4 -1 -1 
-1 -1 -1 8 8 8 -1 6 6 6 6 4 4 6 -1 -1 8 8 8 -1 -1 
-1 -1 -1 -1 -1 -1 4 6 6 6 6 6 4 12 4 -1 -1 8 -1 -1 -1 
-1 -1 -1 -1 -1 -1 -1 -1 -1 -1 -1 -1 -1 -1 -1 -1 -1 -1 -1 4 -1 
-1 -1 4 -1 -1 -1 -1 -1 -1 -1 -1 -1 -1 -1 -1 -1 -1 -1 4 12 -1 
-1 4 12 4 -1 -1 -1 -1 -1 -1 8 -1 -1 -1 -1 -1 -1 -1 4 6 4 
-1 8 8 -1 -1 -1 -1 -1 -1 8 8 8 -1 8 -1 -1 -1 -1 8 8 -1 
-1 8 8 -1 -1 -1 -1 8 8 -1 8 8 -1 8 8 -1 -1 -1 8 8 -1 
-1 8 8 8 -1 -1 8 -1 -1 8 -1 8 8 -1 8 8 -1 8 8 8 -1 
-1 -1 -1 -1 -1 8 8 -1 -1 -1 1 1 -1 -1 -1 8 4 -1 -1 -1 -1 
-1 -1 -1 -1 8 -1 -1 -1 -1 9 9 9 1 -1 -1 8 8 -1 -1 -1 -1 
-1 -1 -1 -1 8 8 -1 -1 -1 9 9 1 -1 -1 -1 -1 8 -1 -1 -1 -1 
-1 -1 -1 -1 8 8 -1 -1 -1 1 -1 -1 -1 -1 -1 -1 8 8 -1 -1 -1 
-1 -1 -1 -1 -1 -1 8 -1 -1 -1 -1 2 -1 -1 -1 -1 8 8 -1 -1 -1 
-1 -1 -1 -1 8 8 -1 8 4 -1 -1 4 -1 -1 -1 -1 8 8 -1 -1 -1 
-1 -1 -1 -1 8 -1 -1 8 4 4 4 -1 -1 -1 -1 -1 8 8 -1 -1 -1 
-1 -1 -1 8 8 8 8 6 6 4 4 4 4 -1 -1 -1 -1 8 4 -1 -1 
-1 -1 -1 8 8 8 -1 6 6 6 6 4 4 6 -1 -1 8 8 8 -1 -1 
-1 -1 -1 -1 -1 -1 4 6 6 6 6 6 4 12 4 -1 -1 8 -1 -1 -1 
-1 4 -1 -1 -1 -1 -1 -1 -1 -1 -1 -1 -1 -1 -1 -1 -1 -1 4 4 -1 
-1 12 4 -1 -1 -1 -1 -1 -1 -1 -1 -1 -1 -1 -1 -1 -1 -1 12 4 -1 
-1 4 12 -1 -1 -1 -1 -1 -1 -1 8 -1 -1 -1 -1 -1 -1 -1 4 6 -1 
-1 8 8 -1 -1 -1 -1 -1 -1 8 8 8 -1 8 -1 -1 -1 -1 8 8 -1 
-1 8 8 -1 -1 -1 -1 8 8 -1 8 8 -1 8 8 -1 -1 -1 8 8 -1 
-1 8 8 8 -1 -1 8 -1 -1 8 -1 8 8 -1 8 8 -1 8 8 8 -1 
-1 -1 -1 -1 -1 8 8 -1 -1 -1 1 1 -1 -1 -1 8 4 -1 -1 -1 -1 
-1 -1 -1 -1 8 -1 -1 -1 -1 9 9 9 1 -1 -1 8 8 -1 -1 -1 -1 
-1 -1 -1 -1 8 8 -1 -1 -1 9 9 1 -1 -1 -1 -1 8 -1 -1 -1 -1 
-1 -1 -1 -1 8 8 -1 -1 -1 1 -1 -1 -1 -1 -1 -1 8 8 -1 -1 -1 
-1 -1 -1 -1 -1 -1 8 -1 -1 -1 -1 2 -1 -1 -1 -1 8 8 -1 -1 -1 
-1 -1 -1 -1 8 8 -1 8 4 -1 -1 4 -1 -1 -1 -1 8 8 -1 -1 -1 
-1 -1 -1 -1 8 -1 -1 8 4 4 4 -1 -1 -1 -1 -1 8 8 -1 -1 -1 
-1 -1 -1 8 8 8 8 6 6 4 4 4 4 -1 -1 -1 -1 8 4 -1 -1 
-1 -1 -1 8 8 8 -1 6 6 6 6 4 4 6 -1 -1 8 8 8 -1 -1 
-1 -1 -1 -1 -1 -1 4 6 6 6 6 6 4 12 4 -1 -1 8 -1 -1 -1 
-1 -1 4 -1 -1 -1 -1 -1 -1 -1 -1 -1 -1 -1 -1 -1 -1 -1 4 4 -1 
-1 4 12 -1 -1 -1 -1 -1 -1 -1 -1 -1 -1 -1 -1 -1 -1 -1 4 12 -1 
-1 4 12 4 -1 -1 -1 -1 -1 -1 8 -1 -1 -1 -1 -1 -1 -1 6 4 -1 
-1 8 8 -1 -1 -1 -1 -1 -1 8 8 8 -1 8 -1 -1 -1 -1 8 5 -1 
-1 8 8 -1 -1 -1 -1 8 8 -1 8 8 -1 8 8 -1 -1 -1 8 8 -1 
-1 8 8 8 -1 -1 8 -1 -1 8 -1 8 8 -1 8 8 -1 8 8 8 -1 
-1 -1 -1 -1 -1 8 8 -1 -1 -1 1 1 -1 -1 -1 8 4 -1 -1 -1 -1 
-1 -1 -1 -1 8 -1 -1 -1 -1 9 9 9 1 -1 -1 8 8 -1 -1 -1 -1 
-1 -1 -1 -1 8 8 -1 -1 -1 9 9 1 -1 -1 -1 -1 8 -1 -1 -1 -1 
-1 -1 -1 -1 8 8 -1 -1 -1 1 -1 -1 -1 -1 -1 -1 8 8 -1 -1 -1 
-1 -1 -1 -1 -1 -1 8 -1 -1 -1 -1 2 -1 -1 -1 -1 8 8 -1 -1 -1 
-1 -1 -1 -1 8 8 -1 8 4 -1 -1 4 -1 -1 -1 -1 8 8 -1 -1 -1 
-1 -1 -1 -1 8 -1 -1 8 4 4 4 -1 -1 -1 -1 -1 8 8 -1 -1 -1 
-1 -1 -1 8 8 8 8 6 6 4 4 4 4 -1 -1 -1 -1 8 4 -1 -1 
-1 -1 -1 8 8 8 -1 6 6 6 6 4 4 6 -1 -1 8 8 8 -1 -1 
-1 -1 -1 -1 -1 -1 4 6 6 6 6 6 4 12 4 -1 -1 8 -1 -1 -1 
-1 4 4 -1 -1 -1 -1 -1 -1 -1 -1 -1 -1 -1 -1 -1 -1 -1 -1 4 -1 
-1 12 4 -1 -1 -1 -1 -1 -1 -1 -1 -1 -1 -1 -1 -1 -1 -1 -1 12 4 
-1 4 6 -1 -1 -1 -1 -1 -1 -1 8 -1 -1 -1 -1 -1 -1 -1 4 4 -1 
-1 8 8 -1 -1 -1 -1 -1 -1 8 8 8 -1 8 -1 -1 -1 -1 8 5 -1 
-1 8 8 -1 -1 -1 -1 8 8 -1 8 8 -1 8 8 -1 -1 -1 8 8 -1 
-1 8 8 8 -1 -1 8 -1 -1 8 -1 8 8 -1 8 8 -1 8 8 8 -1 
-1 -1 -1 -1 -1 8 8 -1 -1 -1 1 1 -1 -1 -1 8 4 -1 -1 -1 -1 
-1 -1 -1 -1 8 -1 -1 -1 -1 9 9 9 1 -1 -1 8 8 -1 -1 -1 -1 
-1 -1 -1 -1 8 8 -1 -1 -1 9 9 1 -1 -1 -1 -1 8 -1 -1 -1 -1 
-1 -1 -1 -1 8 8 -1 -1 -1 1 -1 -1 -1 -1 -1 -1 8 8 -1 -1 -1 
-1 -1 -1 -1 -1 -1 8 -1 -1 -1 -1 2 -1 -1 -1 -1 8 8 -1 -1 -1 
-1 -1 -1 -1 8 8 -1 8 4 -1 -1 4 -1 -1 -1 -1 8 8 -1 -1 -1 
-1 -1 -1 -1 8 -1 -1 8 4 4 4 -1 -1 -1 -1 -1 8 8 -1 -1 -1 
-1 -1 -1 8 8 8 8 6 6 4 4 4 4 -1 -1 -1 -1 8 4 -1 -1 
-1 -1 -1 8 8 8 -1 6 6 6 6 4 4 6 -1 -1 8 8 8 -1 -1 
-1 -1 -1 -1 -1 -1 4 6 6 6 6 6 4 12 4 -1 -1 8 -1 -1 -1 
-1 4 4 -1 -1 -1 -1 -1 -1 -1 -1 -1 -1 -1 -1 -1 -1 -1 -1 -1 -1 
-1 4 12 -1 -1 -1 -1 -1 -1 -1 -1 -1 -1 -1 -1 -1 -1 -1 -1 4 -1 
-1 6 -1 -1 -1 -1 -1 -1 -1 -1 8 -1 -1 -1 -1 -1 -1 -1 4 6 4 
-1 8 8 -1 -1 -1 -1 -1 -1 8 8 8 -1 8 -1 -1 -1 -1 8 8 -1 
-1 8 8 -1 -1 -1 -1 8 8 -1 8 8 -1 8 8 -1 -1 -1 8 8 -1 
-1 8 8 8 -1 -1 8 -1 -1 8 -1 8 8 -1 8 8 -1 8 8 8 -1 
-1 -1 -1 -1 -1 8 8 -1 -1 -1 1 1 -1 -1 -1 8 4 -1 -1 -1 -1 
-1 -1 -1 -1 8 -1 -1 -1 -1 9 9 9 1 -1 -1 8 8 -1 -1 -1 -1 
-1 -1 -1 -1 8 8 -1 -1 -1 9 9 1 -1 -1 -1 -1 8 -1 -1 -1 -1 
-1 -1 -1 -1 8 8 -1 -1 -1 1 -1 -1 -1 -1 -1 -1 8 8 -1 -1 -1 
-1 -1 -1 -1 -1 -1 8 -1 -1 -1 -1 2 -1 -1 -1 -1 8 8 -1 -1 -1 
-1 -1 -1 -1 8 8 -1 8 4 -1 -1 4 -1 -1 -1 -1 8 8 -1 -1 -1 
-1 -1 -1 -1 8 -1 -1 8 4 4 4 -1 -1 -1 -1 -1 8 8 -1 -1 -1 
-1 -1 -1 8 8 8 8 6 6 4 4 4 4 -1 -1 -1 -1 8 4 -1 -1 
-1 -1 -1 8 8 8 -1 6 6 6 6 4 4 6 -1 -1 8 8 8 -1 -1 
-1 -1 -1 -1 -1 -1 4 6 6 6 6 6 4 12 4 -1 -1 8 -1 -1 -1 
