12 80
---
-1 -1 -1 -1 2 2 2 2 -1 -1 -1 -1 
-1 -1 -1 2 2 2 2 2 -1 -1 -1 -1 
-1 -1 2 2 2 2 2 14 -1 -1 -1 -1 
-1 -1 2 2 2 2 14 14 15 -1 -1 -1 
-1 -1 2 2 2 14 14 15 15 15 -1 -1 
-1 -1 2 2 14 14 15 14 15 15 -1 -1 
15 15 -1 2 9 1 1 1 -1 -1 15 15 
14 15 -1 -1 9 9 1 1 -1 -1 15 14 
-1 14 15 15 1 9 9 1 14 15 14 -1 
-1 -1 14 14 1 9 9 1 14 14 -1 -1 
-1 -1 -1 -1 1 9 9 1 -1 -1 -1 -1 
-1 -1 -1 -1 9 9 1 1 1 -1 -1 -1 
-1 -1 -1 9 9 9 1 1 1 -1 -1 -1 
-1 -1 -1 9 9 9 9 1 1 1 -1 -1 
15 15 -1 1 9 9 1 1 14 15 -1 -1 
15 14 9 1 1 9 1 1 14 14 14 -1 
-1 15 14 14 1 1 -1 -1 -1 -1 15 14 
-1 -1 15 14 1 1 -1 -1 -1 -1 15 14 
-1 -1 -1 -1 -1 -1 -1 -1 -1 -1 -1 -1 
-1 -1 -1 -1 -1 -1 -1 -1 -1 -1 -1 -1 
-1 -1 2 2 -1 -1 2 2 -1 -1 -1 -1 
-1 -1 2 2 2 -1 2 2 -1 -1 -1 -1 
-1 -1 2 2 2 2 2 14 -1 -1 -1 -1 
-1 -1 2 2 2 2 14 14 15 -1 -1 -1 
-1 -1 -1 2 2 14 14 15 15 15 -1 -1 
-1 -1 -1 2 14 14 15 14 15 15 -1 -1 
-1 -1 -1 -1 9 1 1 1 -1 -1 -1 -1 
-1 -1 -1 -1 9 9 1 1 -1 -1 -1 -1 
15 15 15 14 1 9 9 1 15 15 15 14 
14 14 14 14 1 9 9 1 14 14 14 14 
-1 -1 -1 -1 9 9 9 1 -1 -1 -1 -1 
-1 -1 -1 -1 9 9 1 1 1 -1 -1 -1 
-1 -1 -1 9 9 9 1 1 1 -1 -1 -1 
-1 -1 -1 9 9 9 9 1 1 1 -1 -1 
-1 -1 -1 9 9 9 1 1 15 15 15 14 
-1 -1 9 1 1 9 1 1 14 14 14 14 
15 15 14 14 1 1 1 -1 -1 -1 -1 -1 
14 14 14 14 1 1 -1 -1 -1 -1 -1 -1 
-1 -1 -1 -1 -1 -1 -1 -1 -1 -1 -1 -1 
-1 -1 -1 -1 -1 -1 -1 -1 -1 -1 -1 -1 
-1 -1 -1 -1 2 2 2 2 -1 -1 -1 -1 
-1 -1 -1 2 2 2 2 2 2 -1 -1 -1 
-1 -1 2 2 2 2 2 14 -1 -1 -1 -1 
-1 -1 2 2 2 2 14 14 14 -1 -1 -1 
-1 -1 2 2 2 14 14 15 15 15 -1 -1 
-1 -1 2 2 14 14 15 14 15 15 -1 -1 
-1 -1 -1 2 9 9 1 1 -1 -1 -1 -1 
-1 -1 -1 -1 9 9 1 1 -1 -1 -1 -1 
-1 -1 -1 15 1 9 9 1 14 15 -1 -1 
-1 -1 15 14 1 9 9 1 -1 15 14 -1 
15 15 14 -1 9 9 9 1 -1 -1 15 14 
14 14 -1 -1 9 9 1 1 1 -1 14 14 
-1 -1 -1 1 9 9 1 1 1 -1 15 14 
-1 -1 -1 9 9 9 1 1 1 -1 15 14 
-1 -1 -1 9 9 9 1 1 1 15 14 -1 
-1 -1 9 1 9 9 1 1 15 14 -1 -1 
-1 -1 15 14 1 1 -1 -1 -1 -1 -1 -1 
-1 15 14 1 1 -1 -1 -1 -1 -1 -1 -1 
15 14 -1 -1 -1 -1 -1 -1 -1 -1 -1 -1 
14 14 -1 -1 -1 -1 -1 -1 -1 -1 -1 -1 
-1 -1 2 2 -1 -1 2 2 -1 -1 -1 -1 
-1 -1 2 2 -1 2 2 2 -1 -1 -1 -1 
-1 -1 2 2 2 2 2 14 -1 -1 -1 -1 
-1 -1 2 2 2 2 14 14 14 -1 -1 -1 
-1 -1 2 2 2 14 14 15 15 15 -1 -1 
-1 -1 2 2 14 14 15 14 15 15 -1 -1 
-1 -1 -1 2 9 9 1 1 -1 -1 -1 -1 
-1 -1 -1 -1 9 9 9 1 -1 -1 -1 -1 
15 15 15 14 1 9 9 9 15 15 15 14 
14 14 14 14 1 9 9 1 14 14 14 14 
-1 -1 -1 -1 9 9 1 1 -1 -1 -1 -1 
-1 -1 -1 1 9 9 9 1 1 -1 -1 -1 
-1 -1 -1 9 9 9 1 1 1 -1 -1 -1 
-1 -1 9 9 9 9 1 1 1 1 -1 -1 
15 15 15 14 1 9 9 1 14 15 15 14 
14 14 14 14 1 1 1 1 14 14 14 14 
-1 -1 -1 -1 1 1 1 -1 -1 -1 -1 -1 
-1 -1 -1 -1 -1 -1 -1 -1 -1 -1 -1 -1 
-1 -1 -1 -1 -1 -1 -1 -1 -1 -1 -1 -1 
-1 -1 -1 -1 -1 -1 -1 -1 -1 -1 -1 -1 
