32 16
---
0 0 0 0 0 0 0 0 0 0 0 0 0 0 0 0 0 0 0 0 0 0 0 0 0 0 0 0 0 0 0 0 
0 7 7 7 7 7 7 7 7 7 7 7 7 7 7 7 7 7 7 7 7 7 7 7 7 7 7 7 7 7 7 0 
0 7 7 7 7 7 7 7 7 7 7 7 7 7 7 7 7 7 7 7 7 7 7 7 7 7 7 7 7 7 7 0 
0 7 7 7 7 7 7 7 7 7 7 7 7 7 7 7 7 7 7 7 7 7 7 7 7 7 7 7 7 7 7 0 
0 7 7 8 8 8 8 8 8 8 8 7 7 8 8 8 8 7 7 8 8 8 8 8 7 8 8 8 8 8 7 0 
0 7 8 0 0 0 8 8 0 0 0 8 8 0 0 0 0 8 8 0 0 0 0 0 8 0 0 8 0 0 8 0 
0 7 0 10 10 10 10 10 10 10 10 0 0 10 10 10 10 0 0 10 10 10 10 0 0 10 0 8 0 10 0 0 
0 7 0 10 0 0 10 10 0 0 10 0 10 10 0 0 10 10 0 10 0 0 10 10 0 10 0 8 0 10 0 0 
0 7 0 10 0 8 10 10 8 0 10 0 10 2 2 2 2 0 0 10 0 8 0 10 0 10 0 0 0 10 0 0 
0 7 0 10 0 8 10 10 8 0 10 0 0 10 10 0 0 8 0 10 0 8 0 10 0 2 10 10 10 10 0 0 
0 7 8 0 0 8 0 0 8 0 0 8 8 0 0 0 8 7 8 0 0 8 8 0 8 0 0 0 0 0 8 0 
0 7 7 8 8 8 8 8 8 8 8 7 7 8 8 8 7 7 7 8 8 7 8 8 7 8 8 8 8 8 7 0 
0 7 7 7 7 7 7 7 7 7 7 7 7 7 7 7 7 7 7 7 7 7 7 7 7 7 7 7 7 7 7 0 
0 7 7 7 7 7 7 7 7 7 7 7 7 7 7 7 7 7 7 7 7 7 7 7 7 7 7 7 7 7 7 0 
0 7 7 7 7 7 7 7 7 7 7 7 7 7 7 7 7 7 7 7 7 7 7 7 7 7 7 7 7 7 7 0 
0 0 0 0 0 0 0 0 0 0 0 0 0 0 0 0 0 0 0 0 0 0 0 0 0 0 0 0 0 0 0 0 
