32 32
---
-1 -1 -1 -1 -1 -1 -1 -1 -1 -1 -1 -1 0 0 0 0 0 0 8 -1 -1 -1 -1 -1 -1 -1 -1 -1 -1 -1 -1 -1 
-1 -1 -1 -1 -1 -1 -1 -1 -1 -1 -1 8 2 2 2 2 2 2 0 -1 -1 -1 -1 -1 -1 -1 -1 -1 -1 -1 -1 -1 
-1 -1 -1 -1 -1 -1 -1 -1 -1 -1 2 2 2 2 2 2 2 2 2 8 2 -1 -1 -1 -1 -1 -1 -1 -1 -1 -1 -1 
-1 -1 -1 -1 -1 -1 -1 -1 -1 2 2 2 2 2 2 2 2 2 2 0 0 -1 -1 -1 -1 -1 -1 -1 -1 -1 -1 -1 
-1 -1 -1 -1 -1 -1 -1 -1 8 0 2 2 2 0 0 0 0 0 2 2 2 -1 -1 -1 -1 -1 -1 -1 -1 -1 -1 -1 
-1 -1 -1 -1 -1 -1 -1 -1 0 2 10 2 0 12 12 4 8 12 2 2 2 -1 -1 -1 -1 -1 -1 -1 -1 -1 -1 -1 
-1 -1 -1 -1 -1 -1 -1 -1 2 2 2 0 4 15 14 14 15 8 2 2 2 -1 -1 -1 -1 -1 -1 -1 -1 -1 -1 -1 
-1 -1 8 8 8 -1 -1 -1 -1 0 2 0 12 7 7 7 7 12 0 2 0 -1 -1 -1 -1 -1 -1 -1 -1 -1 -1 -1 
-1 -1 4 12 12 8 -1 -1 -1 0 2 0 12 8 8 7 0 7 0 0 0 -1 -1 -1 -1 -1 -1 -1 -1 -1 -1 -1 
-1 4 12 12 12 0 2 2 2 2 0 0 12 12 12 12 12 8 0 0 2 2 2 2 2 2 2 8 8 -1 -1 -1 
-1 12 12 12 8 2 2 2 2 2 2 0 8 12 12 12 12 0 2 2 2 2 2 2 2 2 2 8 0 -1 -1 -1 
-1 -1 4 0 2 2 2 2 2 2 2 2 0 0 12 4 0 2 2 2 2 2 2 2 2 2 2 2 0 -1 -1 -1 
-1 -1 0 2 2 2 2 2 2 2 2 2 2 2 0 0 2 2 2 2 2 2 2 2 2 2 2 2 2 -1 -1 -1 
-1 -1 0 2 2 2 2 2 2 2 2 2 2 2 2 2 2 2 2 2 2 2 2 2 2 2 2 2 0 -1 -1 -1 
-1 -1 0 2 2 2 2 2 2 2 2 2 2 2 2 2 2 2 2 2 2 2 2 2 2 2 2 2 4 0 -1 -1 
-1 -1 0 2 2 2 2 2 2 2 2 2 2 2 2 2 2 2 2 2 2 2 2 2 2 2 2 12 12 4 -1 -1 
-1 -1 0 2 2 2 2 2 2 2 2 2 2 2 2 2 2 2 2 2 2 2 2 2 2 2 8 12 12 4 -1 -1 
-1 -1 0 2 2 2 0 8 8 8 0 0 8 8 0 0 8 8 8 8 8 0 0 8 8 2 8 12 12 4 -1 -1 
-1 -1 0 2 2 2 0 8 8 8 8 7 7 8 7 8 0 7 8 8 7 8 7 7 8 2 0 12 12 0 -1 -1 
-1 -1 0 2 2 2 8 8 0 0 0 7 8 0 8 8 8 8 8 0 7 8 8 7 0 2 2 0 4 0 -1 -1 
-1 -1 0 2 2 2 0 8 7 8 0 7 8 8 8 8 8 8 7 7 8 0 8 7 2 2 2 2 0 0 -1 -1 
-1 -1 0 2 2 2 0 0 8 7 0 7 8 8 8 8 8 8 8 8 8 0 8 7 0 2 2 2 2 -1 -1 -1 
-1 -1 0 2 2 0 8 8 8 7 0 7 8 8 0 8 7 8 8 0 7 0 8 8 0 2 2 2 2 -1 -1 -1 
-1 -1 0 2 2 2 0 8 8 0 0 0 0 0 2 0 0 0 0 0 8 0 0 0 2 2 2 2 2 -1 -1 -1 
-1 -1 0 2 2 2 2 2 2 2 2 2 2 2 2 2 2 2 2 2 2 2 2 2 2 2 2 2 0 -1 -1 -1 
-1 -1 0 2 2 2 2 2 2 2 2 2 2 2 2 2 2 2 2 2 2 2 2 2 2 2 2 2 0 -1 -1 -1 
-1 -1 0 8 2 2 2 2 0 0 0 0 0 2 2 2 2 2 0 0 0 0 2 2 2 2 2 8 8 -1 -1 -1 
-1 -1 0 0 0 0 0 0 0 12 12 12 8 4 0 0 0 4 12 12 12 4 0 0 0 0 0 0 0 -1 -1 -1 
-1 -1 -1 -1 -1 -1 -1 -1 4 4 12 12 12 4 0 0 0 4 12 12 12 4 0 -1 -1 -1 -1 -1 -1 -1 -1 -1 
-1 -1 -1 -1 -1 -1 -1 -1 -1 12 12 12 0 0 0 -1 -1 8 4 12 4 0 8 -1 -1 -1 -1 -1 -1 -1 -1 -1 
-1 -1 -1 -1 -1 -1 -1 -1 -1 -1 -1 -1 -1 -1 -1 -1 -1 -1 -1 -1 -1 -1 -1 -1 -1 -1 -1 -1 -1 -1 -1 -1 
-1 -1 -1 -1 -1 -1 -1 -1 -1 -1 -1 -1 -1 -1 -1 -1 -1 -1 -1 -1 -1 -1 -1 -1 -1 -1 -1 -1 -1 -1 -1 -1 
