48 48
---
-1 -1 -1 -1 -1 -1 -1 -1 -1 -1 -1 -1 -1 -1 -1 -1 -1 -1 -1 -1 -1 -1 -1 -1 0 2 8 0 0 -1 -1 -1 -1 -1 -1 -1 -1 -1 -1 -1 -1 -1 -1 -1 -1 -1 -1 -1 
-1 -1 -1 -1 -1 -1 -1 -1 -1 -1 -1 -1 -1 -1 -1 -1 -1 -1 -1 -1 -1 -1 -1 -1 8 0 0 0 8 -1 -1 -1 -1 -1 -1 -1 -1 -1 -1 -1 -1 -1 -1 -1 -1 -1 -1 -1 
-1 -1 -1 -1 -1 -1 -1 -1 -1 -1 -1 -1 -1 -1 -1 -1 -1 -1 0 2 8 2 2 2 2 0 2 0 8 11 2 -1 -1 -1 -1 -1 -1 -1 -1 -1 -1 -1 -1 -1 -1 -1 -1 -1 
-1 -1 -1 -1 -1 -1 -1 -1 -1 -1 -1 -1 -1 -1 -1 -1 2 2 0 2 2 2 2 2 2 2 2 2 2 2 0 -1 -1 -1 -1 -1 -1 -1 -1 -1 -1 -1 -1 -1 -1 -1 -1 -1 
-1 -1 -1 -1 -1 -1 -1 -1 -1 -1 -1 -1 -1 -1 -1 -1 0 2 2 2 2 2 2 2 2 2 2 2 2 2 0 0 -1 -1 -1 -1 -1 -1 -1 -1 -1 -1 -1 -1 -1 -1 -1 -1 
-1 -1 -1 -1 -1 -1 -1 -1 -1 -1 -1 -1 -1 -1 7 2 2 2 2 2 2 2 2 2 2 2 2 2 2 2 2 0 0 -1 -1 -1 -1 -1 -1 -1 -1 -1 -1 -1 -1 -1 -1 -1 
-1 -1 -1 -1 -1 -1 -1 -1 -1 -1 -1 -1 -1 -1 2 2 2 2 2 2 2 2 2 2 2 2 2 2 2 2 2 2 0 -1 -1 -1 -1 -1 -1 -1 -1 -1 -1 -1 -1 -1 -1 -1 
-1 -1 -1 -1 -1 -1 -1 -1 -1 -1 -1 -1 -1 -1 2 2 2 2 2 2 2 0 0 2 2 0 2 2 2 2 2 0 0 -1 -1 -1 -1 -1 -1 -1 -1 -1 -1 -1 -1 -1 -1 -1 
-1 -1 -1 -1 -1 -1 -1 -1 -1 -1 -1 -1 -1 -1 2 2 2 2 2 0 0 0 8 2 0 0 0 8 2 2 2 2 2 -1 -1 -1 -1 -1 -1 -1 -1 -1 -1 -1 -1 -1 -1 -1 
-1 -1 -1 -1 -1 -1 -1 -1 -1 -1 -1 -1 -1 -1 2 2 2 2 0 0 8 7 7 8 8 8 8 7 8 2 2 2 2 2 -1 -1 -1 -1 -1 -1 -1 -1 -1 -1 -1 -1 -1 -1 
-1 -1 -1 -1 -1 -1 -1 -1 -1 -1 -1 -1 11 2 2 2 2 2 8 8 7 7 7 12 7 7 7 12 8 2 2 2 2 0 -1 -1 -1 -1 -1 -1 -1 -1 -1 -1 -1 -1 -1 -1 
-1 -1 -1 -1 -1 -1 -1 -1 -1 -1 -1 -1 0 2 2 2 2 0 8 7 7 15 7 12 7 15 7 7 8 2 2 2 2 0 -1 -1 -1 -1 -1 -1 -1 -1 -1 -1 -1 -1 -1 -1 
-1 -1 -1 -1 -1 -1 -1 -1 -1 -1 -1 -1 0 2 2 2 0 8 12 8 7 8 0 8 8 8 8 7 8 0 2 2 0 -1 -1 -1 -1 -1 -1 -1 -1 -1 -1 -1 -1 -1 -1 -1 
-1 -1 0 8 8 8 8 0 0 -1 -1 -1 0 0 0 2 0 8 12 8 8 0 8 7 8 0 0 8 8 0 2 2 0 -1 -1 -1 -1 -1 -1 -1 -1 -1 -1 -1 -1 -1 -1 -1 
-1 0 8 7 7 7 12 8 0 0 0 0 0 0 0 2 2 0 7 7 8 8 8 7 7 8 8 7 8 2 2 0 0 0 0 0 0 0 0 0 0 0 0 0 0 0 -1 -1 
8 12 7 12 12 7 8 0 0 2 0 0 2 2 0 0 2 2 8 7 7 7 7 12 7 7 7 7 8 0 0 0 0 2 0 0 0 0 0 0 0 0 0 2 2 0 0 -1 
8 7 12 12 7 7 8 0 2 2 2 2 2 2 0 0 0 0 0 7 12 12 12 12 12 12 7 12 0 2 2 2 2 2 2 2 2 2 2 2 2 2 2 2 2 0 0 -1 
8 7 12 12 12 8 0 2 2 2 2 2 2 2 2 0 0 0 0 8 7 7 7 12 12 12 7 8 0 2 2 2 2 2 2 2 2 2 2 2 2 2 2 2 2 0 0 -1 
-1 -1 12 8 0 0 2 2 2 2 2 2 2 2 2 2 2 2 2 0 8 12 7 7 7 7 8 0 2 2 2 2 2 2 2 2 2 2 2 2 2 2 2 2 2 0 0 -1 
-1 -1 8 0 0 2 2 2 2 2 2 2 2 2 2 2 2 2 2 2 0 0 8 12 8 8 0 2 2 2 2 2 2 2 2 2 2 2 2 2 2 2 2 2 2 0 0 -1 
-1 -1 0 0 2 2 2 2 2 2 2 2 2 2 2 2 2 2 2 2 2 0 0 0 0 0 2 2 2 2 2 2 2 2 2 2 2 2 2 2 2 2 2 2 2 0 0 -1 
-1 -1 0 0 2 2 2 2 2 2 2 2 2 2 0 0 0 0 0 2 2 2 2 0 2 2 2 2 2 2 2 2 2 2 2 2 2 2 2 2 2 2 2 2 2 0 0 -1 
-1 -1 0 0 2 2 2 2 2 2 2 2 2 0 0 2 6 2 0 0 2 2 2 2 2 2 2 2 2 2 2 2 2 2 2 0 2 2 2 2 2 2 2 2 2 0 0 -1 
-1 -1 0 0 2 2 2 2 2 2 2 2 0 0 6 6 6 6 6 0 0 2 2 2 2 2 2 2 2 0 0 0 0 0 0 0 2 2 2 2 2 2 2 2 0 0 8 -1 
-1 -1 0 0 2 2 2 2 2 2 2 2 0 2 6 6 2 2 6 6 0 0 0 0 2 0 0 0 0 0 0 0 0 2 2 2 0 2 2 2 2 2 2 2 0 8 12 -1 
-1 -1 0 0 2 2 2 2 2 2 2 2 2 6 6 0 0 0 6 6 2 0 2 2 0 2 2 0 2 2 2 2 6 6 6 6 0 2 2 2 2 2 2 0 8 7 7 0 
-1 -1 0 0 2 2 2 2 2 2 2 2 2 6 0 0 0 0 2 6 6 0 6 2 0 2 6 0 6 6 2 6 6 6 6 0 0 2 2 2 2 2 2 0 8 12 7 12 
-1 -1 0 0 2 2 2 2 2 2 2 0 8 6 0 0 0 0 6 6 2 2 6 0 0 2 6 2 2 6 0 0 6 6 0 0 0 2 2 2 2 2 2 0 8 7 12 7 
-1 -1 0 0 2 2 2 2 2 2 2 0 8 6 0 2 0 0 2 6 2 0 6 2 0 2 6 2 2 6 0 0 6 6 0 0 2 2 2 2 2 2 2 0 8 7 12 7 
-1 -1 0 0 2 2 2 2 2 2 2 2 6 6 2 0 2 2 6 6 0 0 6 2 0 2 6 8 2 6 0 0 6 6 2 2 2 2 2 2 2 2 2 2 8 7 7 8 
-1 -1 0 0 2 2 2 2 2 2 2 2 2 6 2 0 2 6 6 6 0 0 6 0 0 2 6 6 6 6 0 0 2 6 2 2 2 2 2 2 2 2 2 2 0 7 8 -1 
-1 -1 0 0 2 2 2 2 2 2 2 2 0 6 6 0 0 6 6 2 0 0 6 6 6 6 6 0 6 6 0 0 2 6 2 0 2 2 2 2 2 2 2 2 0 8 0 -1 
-1 -1 0 0 2 2 2 2 2 2 2 2 0 6 6 2 2 6 6 6 0 0 2 6 6 6 2 0 6 6 0 0 2 6 2 2 2 2 2 2 2 2 2 2 2 0 0 -1 
-1 -1 0 0 2 2 2 2 2 2 2 2 0 2 6 6 6 6 6 6 6 0 0 6 6 6 0 0 6 6 0 0 2 6 2 0 2 2 2 2 2 2 2 2 2 0 0 -1 
-1 -1 0 0 2 2 2 2 2 2 2 2 2 0 0 6 6 6 0 0 2 0 0 0 0 0 0 0 0 0 0 0 0 6 2 2 2 2 2 2 2 2 2 2 2 0 0 -1 
-1 -1 0 0 2 2 2 2 2 2 2 2 2 2 0 0 2 0 0 0 0 0 0 0 0 0 0 0 0 0 2 2 0 0 0 2 2 2 2 2 2 2 2 2 2 0 0 -1 
-1 -1 0 0 2 2 2 2 2 2 2 2 2 2 2 0 0 0 0 0 0 0 2 0 0 2 2 2 0 0 2 2 2 2 2 2 2 2 2 2 2 2 2 2 2 0 0 -1 
-1 -1 0 0 2 2 2 2 2 2 2 2 2 2 2 2 0 0 2 2 0 0 2 2 2 2 2 2 2 2 2 2 2 2 2 2 2 2 2 2 2 2 2 2 2 0 0 -1 
-1 -1 0 0 2 2 2 2 2 2 2 2 2 2 2 2 2 2 2 2 2 2 2 2 2 2 2 2 2 2 2 2 2 2 2 2 2 2 2 2 2 2 2 2 2 0 0 -1 
-1 -1 0 0 2 2 2 2 2 2 2 2 2 2 2 2 2 2 2 2 2 2 2 2 2 2 2 2 2 2 2 2 2 2 2 2 2 2 2 2 2 2 2 2 2 0 0 -1 
-1 -1 0 0 2 2 2 2 2 2 2 2 2 2 2 2 2 2 2 2 2 2 2 2 2 2 2 2 2 2 2 2 2 2 2 2 2 2 2 2 2 2 2 2 2 0 0 -1 
-1 -1 0 0 2 2 2 2 2 2 2 2 2 2 2 2 2 2 2 2 2 2 2 2 2 2 2 2 2 2 2 2 2 2 2 2 2 2 2 2 2 2 2 2 2 0 0 -1 
-1 -1 0 0 2 2 2 2 2 2 2 2 0 0 0 0 0 0 0 0 2 2 2 2 2 2 0 2 0 0 0 0 0 0 0 0 2 2 2 2 2 2 2 2 2 0 0 -1 
-1 -1 0 0 2 2 2 0 0 0 0 0 0 8 12 8 8 8 8 0 0 0 0 0 0 0 0 0 8 8 8 8 8 12 8 0 0 0 0 0 0 0 0 0 0 0 0 -1 
-1 -1 0 0 0 0 0 0 0 0 0 0 7 7 7 7 7 7 7 12 7 12 12 12 4 4 12 12 7 7 7 7 7 7 7 8 0 0 0 0 0 0 0 0 0 0 0 -1 
-1 -1 -1 -1 -1 -1 -1 -1 -1 -1 -1 -1 8 7 12 12 12 12 12 7 7 7 12 12 12 12 8 7 12 12 7 12 12 7 12 7 0 -1 -1 -1 -1 -1 -1 -1 -1 -1 -1 -1 
-1 -1 -1 -1 -1 -1 -1 -1 -1 -1 -1 -1 8 8 7 12 12 7 7 7 7 8 -1 -1 -1 -1 -1 8 7 7 12 12 12 7 7 8 -1 -1 -1 -1 -1 -1 -1 -1 -1 -1 -1 -1 
-1 -1 -1 -1 -1 -1 -1 -1 -1 -1 -1 -1 -1 8 8 7 7 8 7 -1 -1 -1 -1 -1 -1 -1 -1 -1 8 8 7 7 7 7 7 -1 -1 -1 -1 -1 -1 -1 -1 -1 -1 -1 -1 -1 
