14 14
---
14 14 14 14 14 14 14 14 14 14 14 14 14 14 
14 0 0 0 0 0 0 0 0 0 0 0 0 14 
14 0 0 0 0 10 10 10 0 0 0 0 0 14 
14 0 0 0 10 10 10 10 10 0 0 0 0 14 
14 0 0 0 10 10 15 15 15 0 0 0 0 14 
14 0 15 0 0 0 15 15 0 0 0 15 0 14 
14 0 15 15 15 15 9 9 15 15 15 15 0 14 
14 0 0 0 0 0 9 9 0 0 0 0 0 14 
14 0 0 0 0 0 9 9 0 0 0 0 0 14 
14 0 0 0 0 9 9 9 9 0 0 0 0 14 
14 0 0 0 0 9 0 0 9 0 0 0 0 14 
14 0 0 0 15 15 0 0 15 15 0 0 0 14 
14 12 4 4 4 4 4 4 12 12 12 12 12 14 
14 14 14 14 14 14 14 14 14 14 14 14 14 14 
