7 130
---
-1 -1 -1 -1 -1 -1 -1 
-1 -1 2 11 2 -1 -1 
-1 -1 11 15 11 -1 -1 
-1 -1 3 15 3 -1 -1 
-1 -1 15 15 15 -1 -1 
-1 -1 15 9 15 -1 -1 
-1 -1 7 7 7 -1 -1 
-1 -1 -1 6 -1 -1 -1 
-1 -1 12 12 12 -1 -1 
-1 -1 -1 -1 -1 -1 -1 
-1 -1 -1 -1 -1 -1 -1 
-1 -1 2 11 2 -1 -1 
-1 -1 11 15 11 -1 -1 
-1 8 15 15 15 8 -1 
-1 8 7 9 7 8 -1 
-1 -1 9 9 9 -1 -1 
-1 6 7 -1 7 -1 -1 
-1 -1 4 -1 4 -1 -1 
-1 -1 -1 -1 -1 -1 -1 
-1 -1 -1 -1 -1 -1 -1 
-1 -1 -1 -1 -1 -1 -1 
-1 -1 -1 2 -1 -1 -1 
-1 -1 3 15 3 -1 -1 
-1 -1 11 15 11 -1 -1 
-1 7 11 7 11 7 -1 
-1 6 8 -1 8 14 -1 
-1 -1 4 -1 -1 -1 -1 
-1 -1 -1 -1 -1 -1 -1 
4 -1 -1 -1 -1 -1 -1 
-1 -1 -1 -1 -1 -1 -1 
-1 -1 -1 -1 -1 -1 -1 
-1 -1 -1 -1 -1 -1 -1 
-1 -1 -1 -1 -1 -1 -1 
8 7 -1 -1 -1 7 8 
6 9 9 11 9 9 6 
-1 -1 12 11 12 -1 6 
-1 4 4 6 4 4 -1 
-1 -1 -1 -1 -1 -1 -1 
-1 -1 -1 -1 -1 -1 4 
-1 -1 -1 -1 -1 -1 -1 
-1 -1 -1 -1 -1 -1 -1 
-1 -1 -1 -1 -1 -1 -1 
-1 -1 -1 -1 -1 -1 -1 
-1 7 -1 -1 -1 8 -1 
-1 7 9 -1 9 7 -1 
-1 14 7 9 7 2 -1 
-1 7 12 12 14 12 -1 
-1 4 4 7 8 4 -1 
-1 -1 6 -1 -1 -1 -1 
-1 -1 -1 -1 -1 -1 -1 
-1 -1 -1 -1 -1 -1 -1 
-1 -1 -1 -1 -1 -1 -1 
-1 -1 -1 -1 -1 -1 -1 
-1 -1 -1 -1 -1 -1 -1 
-1 7 -1 -1 -1 7 -1 
4 6 6 -1 6 8 -1 
-1 8 6 6 6 -1 -1 
-1 -1 8 14 6 8 -1 
-1 -1 12 6 4 8 -1 
-1 -1 -1 -1 -1 -1 -1 
-1 -1 -1 -1 -1 -1 -1 
-1 -1 -1 -1 -1 -1 -1 
-1 -1 -1 -1 -1 -1 -1 
-1 4 -1 4 -1 -1 -1 
-1 4 -1 6 6 -1 4 
-1 6 6 6 6 6 -1 
-1 6 6 -1 6 6 -1 
-1 -1 6 14 6 -1 -1 
-1 -1 4 6 4 8 -1 
-1 -1 -1 4 -1 -1 -1 
-1 -1 -1 -1 -1 -1 -1 
-1 -1 -1 -1 -1 -1 -1 
-1 -1 -1 6 4 -1 -1 
-1 -1 6 6 6 -1 -1 
-1 -1 6 6 6 -1 -1 
-1 6 6 2 6 -1 6 
-1 6 6 -1 6 -1 -1 
-1 -1 6 6 6 -1 -1 
-1 -1 6 -1 6 8 -1 
-1 -1 -1 -1 -1 8 -1 
-1 -1 -1 -1 -1 -1 -1 
-1 -1 -1 -1 -1 -1 -1 
-1 -1 -1 4 12 -1 -1 
-1 -1 -1 6 12 -1 -1 
-1 -1 12 6 6 4 -1 
-1 6 6 6 6 6 -1 
-1 6 6 6 6 8 -1 
-1 -1 6 6 6 -1 -1 
-1 -1 6 12 -1 -1 -1 
-1 -1 -1 4 -1 -1 -1 
-1 -1 -1 -1 -1 -1 -1 
-1 -1 -1 -1 12 -1 -1 
-1 -1 4 -1 6 6 -1 
-1 -1 12 6 6 6 -1 
-1 4 6 6 6 4 -1 
-1 -1 6 6 6 6 -1 
-1 -1 6 6 6 -1 -1 
-1 -1 12 6 -1 -1 -1 
-1 -1 -1 6 -1 -1 -1 
-1 -1 -1 4 -1 -1 -1 
-1 -1 -1 4 12 -1 -1 
-1 -1 4 -1 6 12 -1 
-1 -1 12 6 6 6 -1 
-1 -1 6 6 6 -1 -1 
-1 6 6 6 -1 6 -1 
-1 6 -1 6 -1 6 -1 
-1 6 -1 4 -1 6 -1 
-1 -1 6 -1 4 -1 -1 
-1 -1 6 -1 -1 -1 -1 
-1 -1 -1 -1 -1 -1 -1 
-1 -1 -1 -1 -1 12 -1 
-1 -1 6 -1 2 6 -1 
-1 4 6 -1 6 6 -1 
-1 6 -1 -1 -1 -1 -1 
4 4 -1 6 -1 -1 -1 
12 -1 -1 6 -1 -1 4 
6 -1 -1 -1 -1 -1 6 
-1 12 -1 -1 12 6 -1 
-1 -1 6 -1 -1 -1 -1 
-1 -1 -1 -1 -1 -1 -1 
-1 -1 -1 -1 -1 -1 -1 
-1 -1 4 -1 -1 -1 -1 
-1 12 -1 -1 -1 -1 -1 
-1 -1 -1 -1 -1 -1 -1 
-1 -1 -1 -1 -1 -1 -1 
-1 -1 -1 -1 -1 -1 -1 
-1 -1 -1 -1 -1 -1 4 
-1 -1 -1 -1 -1 -1 4 
-1 -1 -1 -1 -1 -1 -1 
-1 -1 -1 -1 -1 -1 -1 
