5 80
---
-1 -1 -1 -1 -1 
-1 2 2 2 -1 
-1 2 2 2 -1 
-1 2 2 2 -1 
-1 7 1 7 -1 
-1 7 1 7 -1 
-1 3 9 9 -1 
-1 9 9 1 -1 
-1 7 7 7 -1 
-1 -1 -1 -1 -1 
-1 2 2 2 -1 
-1 2 2 2 -1 
-1 2 2 2 -1 
-1 7 1 7 -1 
-1 7 1 7 -1 
7 1 9 1 -1 
-1 9 1 9 -1 
-1 1 -1 15 -1 
8 7 -1 8 -1 
-1 -1 -1 -1 -1 
-1 2 2 -1 -1 
-1 2 2 2 -1 
-1 7 1 7 -1 
-1 7 1 7 -1 
-1 9 9 1 -1 
-1 9 1 9 -1 
-1 9 -1 1 -1 
-1 -1 -1 8 -1 
-1 -1 -1 -1 -1 
-1 -1 -1 -1 -1 
-1 -1 -1 -1 -1 
-1 -1 10 -1 -1 
-1 -1 1 -1 -1 
-1 7 9 8 -1 
-1 8 9 1 -1 
-1 9 1 7 -1 
-1 9 -1 -1 -1 
-1 8 -1 -1 -1 
-1 -1 -1 -1 -1 
-1 -1 -1 -1 -1 
-1 -1 -1 -1 -1 
-1 -1 -1 -1 -1 
-1 -1 2 -1 -1 
-1 8 1 8 -1 
-1 9 9 1 -1 
-1 9 1 9 -1 
-1 8 -1 8 -1 
-1 -1 -1 -1 -1 
-1 -1 -1 -1 -1 
-1 -1 -1 -1 -1 
-1 -1 -1 -1 -1 
-1 -1 -1 -1 -1 
-1 8 -1 8 -1 
-1 8 2 8 -1 
-1 1 9 1 -1 
-1 7 1 7 -1 
-1 8 -1 8 -1 
-1 -1 -1 -1 -1 
-1 -1 -1 -1 -1 
-1 -1 -1 -1 -1 
-1 -1 -1 -1 -1 
-1 -1 -1 -1 -1 
-1 -1 -1 -1 -1 
-1 -1 -1 -1 -1 
-1 8 -1 -1 -1 
-1 14 2 14 -1 
-1 -1 2 -1 -1 
-1 -1 1 -1 -1 
-1 -1 -1 -1 -1 
-1 -1 -1 -1 -1 
-1 -1 -1 -1 -1 
-1 -1 -1 -1 -1 
-1 -1 -1 -1 -1 
-1 -1 -1 -1 -1 
-1 -1 -1 -1 -1 
-1 -1 -1 -1 -1 
-1 -1 -1 -1 -1 
-1 8 -1 14 -1 
-1 -1 -1 -1 -1 
-1 -1 -1 -1 -1 
