12 192
---
-1 -1 -1 -1 -1 -1 -1 -1 -1 -1 -1 -1 
-1 -1 -1 -1 -1 -1 -1 -1 -1 -1 -1 -1 
-1 -1 -1 -1 2 2 2 2 -1 -1 -1 -1 
-1 -1 -1 2 2 2 2 2 2 -1 -1 -1 
-1 -1 2 2 2 2 2 2 2 2 -1 -1 
-1 -1 2 2 2 2 2 2 2 2 -1 -1 
-1 -1 2 2 2 2 2 2 2 2 -1 -1 
-1 -1 2 2 2 2 2 2 2 2 -1 -1 
-1 -1 -1 2 2 2 2 2 2 -1 -1 -1 
-1 -1 -1 15 2 2 2 2 15 -1 -1 -1 
-1 -1 15 14 9 1 1 1 15 14 -1 -1 
-1 -1 15 14 9 9 1 1 15 14 -1 -1 
-1 -1 15 14 9 9 1 1 15 14 -1 -1 
-1 -1 15 14 9 9 1 1 14 14 -1 -1 
-1 -1 14 14 9 9 1 1 14 14 -1 -1 
-1 -1 14 9 9 9 9 1 1 14 -1 -1 
-1 -1 -1 9 9 9 9 1 1 -1 -1 -1 
-1 -1 -1 9 9 9 9 1 1 -1 -1 -1 
-1 -1 9 9 9 9 1 1 1 1 -1 -1 
-1 -1 1 1 1 1 1 1 1 1 -1 -1 
-1 -1 15 14 14 14 14 14 14 14 -1 -1 
-1 -1 14 14 14 14 14 14 14 14 -1 -1 
-1 -1 -1 -1 -1 -1 -1 -1 -1 -1 -1 -1 
-1 -1 -1 -1 -1 -1 -1 -1 -1 -1 -1 -1 
-1 -1 -1 -1 2 2 2 2 -1 -1 -1 -1 
-1 -1 -1 2 2 2 2 2 2 -1 -1 -1 
-1 -1 2 2 2 2 2 2 2 2 -1 -1 
-1 -1 2 2 2 2 2 2 2 2 -1 -1 
-1 -1 2 2 2 2 2 2 2 2 -1 -1 
-1 -1 2 2 2 2 2 2 2 2 -1 -1 
-1 -1 -1 2 2 2 2 2 2 -1 -1 -1 
-1 -1 -1 15 2 2 2 2 15 -1 -1 -1 
-1 -1 15 14 9 1 1 1 15 14 -1 -1 
-1 -1 15 14 9 9 1 1 15 14 -1 -1 
-1 -1 15 14 9 9 1 1 14 14 -1 -1 
-1 15 14 9 9 9 1 1 14 14 -1 -1 
15 14 -1 9 9 9 1 1 -1 14 -1 -1 
15 14 -1 9 9 9 1 1 1 -1 -1 -1 
-1 -1 9 9 9 1 1 1 1 1 -1 -1 
-1 -1 9 9 1 1 1 1 1 1 -1 -1 
-1 -1 9 9 1 1 1 1 15 15 -1 -1 
-1 -1 9 1 1 1 1 1 15 15 -1 -1 
-1 -1 9 1 1 -1 -1 -1 15 15 -1 -1 
-1 -1 9 1 -1 -1 -1 -1 15 15 -1 -1 
-1 15 15 15 -1 -1 -1 -1 -1 15 -1 -1 
15 15 15 15 -1 -1 -1 -1 -1 -1 -1 -1 
-1 -1 -1 -1 -1 -1 -1 -1 -1 -1 -1 -1 
-1 -1 -1 -1 -1 -1 -1 -1 -1 -1 -1 -1 
-1 -1 -1 -1 2 2 2 2 -1 -1 -1 -1 
-1 -1 -1 2 2 2 2 2 2 -1 -1 -1 
-1 -1 2 2 2 2 2 2 2 2 -1 -1 
-1 -1 2 2 2 2 2 2 2 2 -1 -1 
-1 -1 -1 2 2 2 2 2 2 -1 -1 -1 
-1 -1 -1 15 2 2 2 2 15 -1 -1 -1 
-1 -1 15 14 9 1 1 1 15 14 -1 -1 
-1 -1 15 14 9 9 1 1 14 14 -1 -1 
-1 -1 15 14 9 9 1 1 -1 -1 -1 -1 
-1 -1 14 14 9 9 1 1 1 -1 -1 -1 
-1 -1 9 9 9 9 1 1 1 -1 -1 -1 
-1 -1 9 9 1 9 9 1 1 1 -1 -1 
-1 -1 9 9 1 1 9 9 1 1 -1 -1 
-1 -1 9 1 1 1 1 9 1 1 -1 -1 
-1 -1 14 14 -1 -1 1 1 1 1 -1 -1 
-1 -1 15 14 -1 -1 -1 1 1 1 -1 -1 
-1 -1 -1 14 -1 -1 -1 -1 1 1 -1 -1 
-1 -1 -1 -1 -1 -1 -1 -1 9 1 -1 -1 
-1 -1 -1 -1 -1 -1 -1 -1 15 15 -1 -1 
-1 -1 -1 -1 -1 -1 -1 -1 15 15 -1 -1 
-1 -1 -1 -1 -1 -1 -1 -1 -1 -1 -1 -1 
-1 -1 -1 -1 -1 -1 -1 -1 -1 -1 -1 -1 
-1 -1 -1 -1 -1 -1 -1 -1 -1 -1 -1 -1 
-1 -1 -1 -1 -1 -1 -1 -1 -1 -1 -1 -1 
-1 -1 -1 -1 -1 -1 -1 -1 -1 -1 -1 -1 
-1 -1 -1 -1 -1 -1 -1 -1 -1 -1 -1 -1 
-1 -1 -1 -1 -1 2 2 -1 -1 -1 -1 -1 
-1 -1 -1 -1 2 2 2 2 -1 -1 -1 -1 
-1 -1 -1 -1 2 2 2 2 -1 -1 -1 -1 
-1 -1 -1 -1 2 2 2 2 -1 -1 -1 -1 
-1 -1 -1 -1 9 1 1 1 -1 -1 -1 -1 
-1 -1 -1 -1 9 9 1 1 -1 -1 -1 -1 
-1 -1 15 14 9 9 1 1 15 14 -1 -1 
-1 -1 14 14 9 9 9 1 1 14 -1 -1 
-1 -1 -1 -1 9 9 9 1 1 1 -1 -1 
-1 -1 -1 9 9 9 1 1 1 1 -1 -1 
-1 -1 -1 9 9 1 1 1 15 14 -1 -1 
-1 -1 -1 9 9 1 1 1 14 14 -1 -1 
-1 -1 9 9 1 1 1 -1 -1 -1 -1 -1 
-1 -1 9 1 1 -1 -1 -1 -1 -1 -1 -1 
-1 -1 15 14 -1 -1 -1 -1 -1 -1 -1 -1 
-1 -1 14 14 -1 -1 -1 -1 -1 -1 -1 -1 
-1 -1 -1 -1 -1 -1 -1 -1 -1 -1 -1 -1 
-1 -1 -1 -1 -1 -1 -1 -1 -1 -1 -1 -1 
-1 -1 -1 -1 -1 -1 -1 -1 -1 -1 -1 -1 
-1 -1 -1 -1 -1 -1 -1 -1 -1 -1 -1 -1 
-1 -1 -1 -1 -1 -1 -1 -1 -1 -1 -1 -1 
-1 -1 -1 -1 -1 -1 -1 -1 -1 -1 -1 -1 
-1 -1 -1 -1 -1 -1 -1 -1 -1 -1 -1 -1 
-1 -1 -1 -1 -1 -1 -1 -1 -1 -1 -1 -1 
-1 -1 -1 -1 -1 -1 -1 -1 -1 -1 -1 -1 
-1 -1 -1 -1 -1 -1 -1 -1 -1 -1 -1 -1 
-1 -1 -1 -1 2 2 2 2 -1 -1 -1 -1 
-1 -1 -1 -1 2 2 2 2 -1 -1 -1 -1 
-1 -1 -1 -1 2 2 2 2 -1 -1 -1 -1 
-1 -1 -1 -1 2 2 2 2 -1 -1 -1 -1 
-1 -1 15 14 9 1 1 1 15 14 -1 -1 
-1 -1 14 9 9 9 1 1 1 15 -1 -1 
-1 -1 9 9 9 9 9 1 1 1 -1 -1 
-1 -1 9 9 9 9 9 1 1 1 -1 -1 
-1 -1 9 9 1 1 1 1 1 1 -1 -1 
-1 -1 9 1 1 1 1 1 1 1 -1 -1 
-1 -1 15 14 1 -1 -1 1 15 14 -1 -1 
-1 -1 14 14 -1 -1 -1 -1 14 14 -1 -1 
-1 -1 -1 -1 -1 -1 -1 -1 -1 -1 -1 -1 
-1 -1 -1 -1 -1 -1 -1 -1 -1 -1 -1 -1 
-1 -1 -1 -1 -1 -1 -1 -1 -1 -1 -1 -1 
-1 -1 -1 -1 -1 -1 -1 -1 -1 -1 -1 -1 
-1 -1 -1 -1 -1 -1 -1 -1 -1 -1 -1 -1 
-1 -1 -1 -1 -1 -1 -1 -1 -1 -1 -1 -1 
-1 -1 -1 -1 -1 -1 -1 -1 -1 -1 -1 -1 
-1 -1 -1 -1 -1 -1 -1 -1 -1 -1 -1 -1 
-1 -1 -1 -1 -1 -1 -1 -1 -1 -1 -1 -1 
-1 -1 -1 -1 -1 -1 -1 -1 -1 -1 -1 -1 
-1 -1 -1 -1 -1 -1 -1 -1 -1 -1 -1 -1 
-1 -1 -1 -1 -1 -1 -1 -1 -1 -1 -1 -1 
-1 -1 -1 -1 -1 -1 -1 -1 -1 -1 -1 -1 
-1 -1 -1 -1 -1 -1 -1 -1 -1 -1 -1 -1 
-1 -1 15 14 2 2 2 2 15 14 -1 -1 
-1 -1 14 14 2 2 2 2 14 14 -1 -1 
-1 -1 9 1 2 2 2 2 1 1 -1 -1 
-1 -1 9 1 2 2 2 2 1 1 -1 -1 
-1 -1 9 1 1 1 1 1 9 1 -1 -1 
-1 -1 9 1 1 9 9 9 1 1 -1 -1 
-1 -1 15 1 1 9 9 1 1 15 -1 -1 
-1 -1 15 14 1 1 1 1 15 14 -1 -1 
-1 -1 14 14 1 -1 -1 1 14 14 -1 -1 
-1 -1 14 14 -1 -1 -1 -1 14 14 -1 -1 
-1 -1 -1 -1 -1 -1 -1 -1 -1 -1 -1 -1 
-1 -1 -1 -1 -1 -1 -1 -1 -1 -1 -1 -1 
-1 -1 -1 -1 -1 -1 -1 -1 -1 -1 -1 -1 
-1 -1 -1 -1 -1 -1 -1 -1 -1 -1 -1 -1 
-1 -1 -1 -1 -1 -1 -1 -1 -1 -1 -1 -1 
-1 -1 -1 -1 -1 -1 -1 -1 -1 -1 -1 -1 
-1 -1 -1 -1 -1 -1 -1 -1 -1 -1 -1 -1 
-1 -1 -1 -1 -1 -1 -1 -1 -1 -1 -1 -1 
-1 -1 -1 -1 -1 -1 -1 -1 -1 -1 -1 -1 
-1 -1 -1 -1 -1 -1 -1 -1 -1 -1 -1 -1 
-1 -1 -1 -1 -1 -1 -1 -1 -1 -1 -1 -1 
-1 -1 -1 -1 -1 -1 -1 -1 -1 -1 -1 -1 
-1 -1 -1 -1 -1 -1 -1 -1 -1 -1 -1 -1 
-1 -1 -1 -1 -1 -1 -1 -1 -1 -1 -1 -1 
-1 -1 -1 -1 -1 -1 -1 -1 -1 -1 -1 -1 
-1 -1 -1 -1 -1 -1 -1 -1 -1 -1 -1 -1 
-1 -1 -1 -1 -1 -1 -1 -1 -1 -1 -1 -1 
-1 -1 -1 -1 -1 -1 -1 -1 -1 -1 -1 -1 
-1 -1 15 -1 -1 -1 -1 -1 -1 -1 -1 -1 
-1 -1 15 14 -1 -1 -1 -1 -1 -1 -1 -1 
-1 -1 14 14 2 2 2 2 15 14 -1 -1 
-1 -1 14 14 2 2 2 2 15 14 -1 -1 
-1 -1 -1 14 2 2 2 2 14 -1 -1 -1 
-1 -1 -1 -1 2 2 2 2 -1 -1 -1 -1 
-1 -1 -1 -1 9 1 1 1 -1 -1 -1 -1 
-1 -1 -1 -1 1 1 1 1 -1 -1 -1 -1 
-1 -1 -1 -1 -1 -1 -1 -1 -1 -1 -1 -1 
-1 -1 -1 -1 -1 -1 -1 -1 -1 -1 -1 -1 
-1 -1 -1 -1 -1 -1 -1 -1 -1 -1 -1 -1 
-1 -1 -1 -1 -1 -1 -1 -1 -1 -1 -1 -1 
-1 -1 -1 -1 -1 -1 -1 -1 -1 -1 -1 -1 
-1 -1 -1 -1 -1 -1 -1 -1 -1 -1 -1 -1 
-1 -1 -1 -1 -1 -1 -1 -1 -1 -1 -1 -1 
-1 -1 -1 -1 -1 -1 -1 -1 -1 -1 -1 -1 
-1 -1 -1 -1 -1 -1 -1 -1 -1 -1 -1 -1 
-1 -1 -1 -1 -1 -1 -1 -1 -1 -1 -1 -1 
-1 -1 -1 -1 -1 -1 -1 -1 -1 -1 -1 -1 
-1 -1 -1 -1 -1 -1 -1 -1 -1 -1 -1 -1 
-1 -1 -1 -1 -1 -1 -1 -1 -1 -1 -1 -1 
-1 -1 -1 -1 -1 -1 -1 -1 -1 -1 -1 -1 
-1 -1 -1 -1 -1 -1 -1 -1 -1 -1 -1 -1 
-1 -1 -1 -1 -1 -1 -1 -1 -1 -1 -1 -1 
-1 -1 -1 -1 -1 -1 -1 -1 -1 -1 -1 -1 
-1 -1 -1 -1 -1 -1 -1 -1 -1 -1 -1 -1 
-1 -1 -1 -1 -1 -1 -1 -1 -1 -1 -1 -1 
-1 -1 -1 -1 -1 -1 -1 -1 -1 -1 -1 -1 
-1 -1 -1 -1 -1 -1 -1 -1 -1 -1 -1 -1 
-1 -1 -1 -1 -1 -1 -1 -1 -1 -1 -1 -1 
-1 -1 -1 -1 -1 -1 -1 -1 15 14 -1 -1 
-1 -1 -1 -1 -1 -1 -1 -1 15 14 -1 -1 
-1 -1 15 14 2 2 2 2 15 14 -1 -1 
-1 -1 15 14 2 2 2 2 15 14 -1 -1 
-1 -1 -1 -1 -1 -1 -1 -1 -1 -1 -1 -1 
-1 -1 -1 -1 -1 -1 -1 -1 -1 -1 -1 -1 
-1 -1 -1 -1 -1 -1 -1 -1 -1 -1 -1 -1 
-1 -1 -1 -1 -1 -1 -1 -1 -1 -1 -1 -1 
