12 136
---
0 0 0 0 0 0 0 0 0 0 0 0 
0 0 0 0 0 0 0 0 0 0 0 0 
0 0 0 0 0 2 0 0 0 0 0 0 
0 0 0 0 0 3 2 0 0 0 0 0 
0 0 0 0 8 7 7 8 0 0 0 0 
0 0 0 0 0 7 7 0 0 0 0 0 
0 0 0 0 0 1 1 0 0 0 0 0 
0 0 0 0 15 9 9 15 0 0 0 0 
0 0 0 0 0 0 0 0 0 0 0 0 
0 0 0 0 0 0 0 0 0 0 0 0 
0 0 0 0 0 0 0 0 0 0 0 0 
0 0 0 0 0 3 0 0 0 0 0 0 
0 0 0 0 0 3 3 0 0 0 0 0 
0 0 0 0 8 7 7 8 0 0 0 0 
0 0 0 8 0 8 8 0 8 0 0 0 
0 0 0 15 1 9 9 1 15 0 0 0 
0 0 0 0 0 0 0 0 0 0 0 0 
0 0 0 0 0 0 0 0 0 0 0 0 
0 0 0 0 0 0 0 0 0 0 0 0 
0 0 0 0 0 0 0 0 0 0 0 0 
0 0 0 0 0 3 0 0 0 0 0 0 
0 0 0 8 0 8 3 0 8 0 0 0 
0 0 0 15 8 14 14 8 15 0 0 0 
0 0 0 0 1 9 9 1 0 0 0 0 
0 0 0 0 0 0 0 0 0 0 0 0 
0 0 0 0 0 0 0 0 0 0 0 0 
0 0 0 0 0 0 0 0 0 0 0 0 
0 0 0 0 0 0 0 0 0 0 0 0 
0 0 0 0 0 0 0 0 0 0 0 0 
0 0 0 15 0 3 0 0 8 0 0 0 
0 0 0 8 8 11 11 7 0 0 0 0 
0 0 0 0 8 15 15 8 0 0 0 0 
0 0 0 0 0 0 0 0 0 0 0 0 
0 0 0 0 0 0 0 0 0 0 0 0 
0 0 0 0 0 0 0 0 0 0 0 0 
0 0 7 0 0 0 0 0 0 0 0 0 
0 0 0 0 0 0 1 0 0 7 0 0 
0 0 0 8 0 8 0 8 0 0 0 0 
0 0 0 0 0 11 0 0 0 0 0 0 
0 0 0 15 7 15 15 7 15 0 0 0 
0 0 0 0 0 0 0 0 0 0 0 0 
0 0 0 0 0 0 0 0 0 0 0 0 
0 0 0 0 0 0 0 0 0 0 0 0 
0 0 0 0 0 0 0 0 0 0 8 0 
0 0 0 15 1 7 0 5 0 0 0 0 
0 0 0 0 0 0 0 8 0 0 0 0 
0 0 0 8 8 5 0 8 8 0 0 0 
0 0 0 0 0 3 3 0 0 0 0 0 
0 0 0 0 0 0 0 0 0 0 0 0 
0 8 0 0 0 0 0 0 0 0 0 0 
0 0 0 1 0 8 0 0 0 0 8 0 
0 0 0 7 0 0 0 1 0 0 0 0 
0 0 0 0 0 0 0 0 0 0 0 0 
0 0 8 0 0 0 0 0 0 0 0 0 
0 0 8 0 0 0 2 0 0 8 0 0 
0 0 0 0 8 11 0 0 0 0 0 0 
0 0 0 0 0 0 0 0 1 0 0 0 
8 0 0 0 0 8 0 0 0 0 0 0 
0 0 0 0 0 0 0 0 0 0 0 8 
0 0 0 7 0 0 0 0 0 0 0 0 
0 0 0 0 0 0 0 0 0 0 0 0 
0 0 0 0 0 1 0 0 0 0 0 0 
0 8 0 0 8 0 0 8 0 0 0 0 
0 0 0 0 0 0 0 0 0 0 8 0 
0 0 0 0 0 7 0 0 0 1 0 0 
0 0 0 0 0 0 0 0 0 0 0 0 
0 0 0 0 0 0 0 0 0 0 0 0 
0 0 0 0 0 0 0 0 0 0 0 0 
0 0 0 7 0 1 0 0 0 0 0 0 
0 0 0 0 0 0 2 0 0 0 0 0 
0 0 0 8 0 0 0 0 0 0 0 0 
0 8 0 0 0 0 0 8 0 0 8 0 
0 0 0 0 0 7 0 0 0 0 0 0 
0 0 0 0 0 0 0 0 0 0 0 0 
0 0 0 0 0 0 0 0 0 0 0 0 
0 0 0 0 0 0 0 1 0 0 0 0 
0 0 0 0 0 0 0 0 0 0 0 0 
0 0 0 7 0 1 2 0 0 0 0 0 
0 0 0 0 0 0 0 0 0 0 0 0 
0 0 7 0 0 0 0 0 0 0 0 0 
0 0 0 0 0 0 0 0 0 0 0 0 
0 0 0 0 0 8 0 0 0 0 0 0 
0 0 1 0 0 0 0 0 0 0 0 0 
0 0 0 0 0 0 0 0 0 0 0 0 
1 0 0 0 0 0 3 0 0 0 0 0 
0 0 0 8 0 0 0 0 0 0 0 0 
0 0 2 8 0 1 0 0 0 0 0 0 
0 0 0 0 0 0 0 0 0 0 0 0 
0 0 0 0 0 0 0 0 0 0 0 0 
0 0 0 0 0 8 0 0 0 0 0 0 
0 0 1 0 0 0 0 0 0 0 0 0 
0 0 0 0 0 0 0 0 0 0 0 0 
1 0 0 0 0 0 3 0 0 0 0 0 
0 0 0 8 0 0 0 0 0 0 0 0 
0 0 2 8 0 1 0 0 0 0 0 0 
0 0 0 0 0 0 0 0 0 0 0 0 
0 0 0 0 0 0 0 0 0 0 0 0 
0 0 0 0 0 0 0 0 0 0 0 0 
0 0 0 0 0 8 0 0 0 0 0 0 
0 0 1 0 0 0 0 0 0 0 0 0 
0 0 0 0 0 0 3 0 0 0 0 1 
0 0 0 0 0 0 0 0 0 0 0 0 
0 0 0 8 0 0 0 0 0 0 0 0 
0 2 0 0 0 1 0 0 0 0 0 0 
0 0 0 0 0 0 0 0 0 0 0 0 
0 0 0 0 0 0 0 0 0 0 0 0 
0 0 0 0 0 0 0 0 0 0 0 0 
0 0 0 0 0 0 0 0 0 0 0 0 
0 0 0 0 0 0 0 0 0 0 0 0 
0 0 1 0 0 8 0 0 0 0 0 0 
0 0 0 0 0 0 0 0 0 0 0 1 
0 0 0 7 0 0 0 0 0 0 0 0 
0 0 0 0 0 0 0 0 0 0 0 0 
0 0 0 0 0 0 0 0 0 0 0 0 
0 0 0 0 0 0 0 0 0 0 0 0 
0 0 0 0 0 0 0 0 0 0 0 0 
0 0 0 0 0 0 0 0 0 0 0 0 
0 0 0 0 0 0 0 0 0 0 0 0 
0 0 1 0 0 0 0 0 0 0 0 0 
0 0 0 0 0 7 0 1 0 0 0 1 
0 0 0 0 0 0 0 0 0 0 0 0 
0 0 0 0 0 0 0 0 0 0 0 0 
0 0 0 0 0 0 0 0 0 0 0 0 
0 0 0 0 0 0 0 0 0 0 0 0 
0 0 0 0 0 0 0 0 0 0 0 0 
0 0 0 0 0 0 0 0 0 0 0 0 
0 0 0 0 0 8 0 0 0 0 0 0 
0 0 1 0 0 0 0 1 0 0 0 0 
0 0 0 0 0 0 0 0 0 0 0 0 
0 0 0 0 0 0 0 0 0 0 0 0 
0 0 0 0 0 0 0 0 0 0 0 0 
0 0 0 0 0 0 0 0 0 0 0 0 
0 0 0 0 0 0 0 0 0 0 0 0 
0 0 0 0 0 0 0 0 0 0 0 0 
0 0 0 0 0 0 0 0 0 0 0 0 
0 0 0 0 0 0 0 8 0 0 0 0 
