8 128
---
-1 -1 2 10 2 -1 -1 -1 
-1 -1 2 10 10 2 -1 -1 
8 -1 -1 7 14 -1 -1 8 
15 7 14 9 9 7 7 15 
-1 -1 -1 1 1 -1 -1 -1 
-1 -1 -1 9 9 -1 -1 -1 
-1 -1 1 -1 -1 1 -1 -1 
-1 8 15 -1 -1 15 8 -1 
-1 -1 -1 2 2 -1 -1 -1 
-1 -1 10 2 10 2 -1 -1 
8 -1 -1 11 14 -1 -1 8 
15 14 14 9 9 14 14 15 
-1 -1 -1 1 1 -1 -1 -1 
-1 -1 -1 9 9 -1 -1 -1 
-1 -1 1 -1 -1 1 -1 -1 
-1 8 15 -1 -1 15 8 -1 
-1 -1 -1 2 2 -1 -1 -1 
-1 -1 2 2 10 2 -1 -1 
8 -1 -1 11 14 -1 -1 8 
15 14 14 9 9 14 14 15 
-1 -1 -1 1 1 -1 -1 -1 
-1 -1 -1 9 9 -1 -1 -1 
-1 -1 1 -1 -1 9 -1 -1 
-1 8 15 -1 -1 7 -1 -1 
-1 -1 -1 2 2 -1 -1 -1 
-1 -1 2 2 10 2 -1 -1 
8 -1 -1 11 14 -1 -1 8 
15 14 14 9 9 14 14 15 
-1 -1 -1 1 1 -1 -1 -1 
-1 -1 -1 9 9 -1 -1 -1 
-1 -1 1 -1 -1 9 -1 -1 
-1 8 15 -1 -1 7 -1 -1 
-1 -1 -1 2 2 -1 -1 -1 
-1 -1 2 2 10 2 -1 -1 
8 -1 -1 11 14 -1 -1 8 
15 14 14 9 9 14 14 15 
-1 -1 -1 1 1 -1 -1 -1 
-1 -1 -1 9 9 -1 -1 -1 
-1 -1 1 -1 -1 1 -1 -1 
-1 8 15 -1 -1 15 8 -1 
-1 -1 -1 2 2 -1 -1 -1 
-1 -1 2 2 10 2 -1 -1 
8 -1 -1 11 14 -1 -1 8 
15 14 14 9 9 14 14 15 
-1 -1 -1 1 1 -1 -1 -1 
-1 -1 -1 9 9 -1 -1 -1 
-1 -1 1 -1 -1 1 -1 -1 
-1 8 15 -1 -1 15 8 -1 
-1 -1 -1 2 2 -1 -1 -1 
-1 -1 2 10 10 2 -1 -1 
8 -1 -1 14 14 -1 -1 8 
15 14 14 9 9 14 14 15 
-1 -1 -1 1 1 -1 -1 -1 
-1 -1 -1 9 9 -1 -1 -1 
-1 -1 1 -1 -1 9 -1 -1 
-1 8 15 -1 -1 7 -1 -1 
-1 -1 -1 2 2 -1 -1 -1 
-1 -1 2 10 10 2 -1 -1 
8 -1 -1 14 14 -1 -1 8 
15 14 14 9 9 14 14 15 
-1 -1 -1 1 1 -1 -1 -1 
-1 -1 -1 9 9 -1 -1 -1 
-1 -1 1 -1 -1 9 -1 -1 
-1 8 15 -1 -1 7 -1 -1 
-1 -1 -1 2 10 2 -1 -1 
-1 -1 2 10 2 10 -1 -1 
8 -1 -1 14 14 -1 -1 8 
15 14 14 9 9 14 14 15 
-1 -1 -1 1 1 -1 -1 -1 
-1 -1 -1 9 9 -1 -1 -1 
-1 -1 1 -1 -1 1 -1 -1 
-1 8 15 -1 -1 15 8 -1 
-1 -1 -1 2 2 -1 -1 -1 
-1 -1 2 10 2 3 -1 -1 
8 -1 -1 14 11 -1 -1 8 
15 14 14 9 9 14 14 15 
-1 -1 -1 1 1 -1 -1 -1 
-1 -1 -1 9 9 -1 -1 -1 
-1 -1 1 -1 -1 1 -1 -1 
-1 8 15 -1 -1 15 8 -1 
-1 -1 -1 2 2 -1 -1 -1 
-1 -1 2 10 2 2 -1 -1 
8 -1 -1 14 11 -1 -1 8 
15 14 14 9 9 14 14 15 
-1 -1 -1 1 1 -1 -1 -1 
-1 -1 -1 9 9 -1 -1 -1 
-1 -1 1 -1 -1 9 -1 -1 
-1 8 15 -1 -1 7 -1 -1 
-1 -1 -1 2 2 -1 -1 -1 
-1 -1 2 10 2 2 -1 -1 
8 -1 -1 14 11 -1 -1 8 
15 14 14 9 9 14 14 15 
-1 -1 -1 1 1 -1 -1 -1 
-1 -1 -1 9 9 -1 -1 -1 
-1 -1 1 -1 -1 9 -1 -1 
-1 8 15 -1 -1 7 -1 -1 
-1 -1 -1 2 2 -1 -1 -1 
-1 -1 2 10 2 2 -1 -1 
8 -1 -1 14 11 -1 -1 8 
15 14 14 9 9 14 14 15 
-1 -1 -1 1 1 -1 -1 -1 
-1 -1 -1 9 9 -1 -1 -1 
-1 -1 1 -1 -1 1 -1 -1 
-1 8 15 -1 -1 15 8 -1 
-1 -1 -1 2 2 -1 -1 -1 
-1 -1 2 10 2 2 -1 -1 
8 -1 -1 14 11 -1 -1 8 
15 14 14 9 9 14 14 15 
-1 -1 -1 1 1 -1 -1 -1 
-1 -1 -1 9 9 -1 -1 -1 
-1 -1 1 -1 -1 1 -1 -1 
-1 8 15 -1 -1 15 8 -1 
-1 -1 -1 2 2 -1 -1 -1 
-1 -1 2 10 10 2 -1 -1 
8 -1 -1 14 14 -1 -1 8 
15 14 14 9 9 14 14 15 
-1 -1 -1 1 1 -1 -1 -1 
-1 -1 -1 9 9 -1 -1 -1 
-1 -1 1 -1 -1 9 -1 -1 
-1 8 15 -1 -1 7 -1 -1 
-1 -1 -1 2 2 -1 -1 -1 
-1 -1 2 10 10 2 -1 -1 
8 -1 -1 14 14 -1 -1 8 
15 14 14 9 9 14 14 15 
-1 -1 -1 1 1 -1 -1 -1 
-1 -1 -1 9 9 -1 -1 -1 
-1 -1 1 -1 -1 9 -1 -1 
-1 8 15 -1 -1 7 -1 -1 
