13 160
---
0 0 0 0 0 0 0 0 0 0 0 0 0 
0 0 0 0 2 2 2 2 0 0 0 0 0 
0 0 2 2 2 2 2 2 2 2 0 0 0 
0 0 2 2 2 2 2 2 2 2 0 0 0 
0 2 2 2 2 2 14 14 0 0 0 0 0 
0 2 2 2 2 2 14 14 15 0 0 0 0 
0 0 2 2 14 14 14 14 15 15 0 0 0 
0 0 0 2 14 14 15 15 15 15 0 0 0 
0 0 0 0 14 1 1 1 0 0 0 0 0 
0 0 0 0 14 1 1 1 0 0 0 0 0 
0 0 0 0 14 14 1 9 1 0 0 0 0 
0 0 0 0 15 14 1 9 1 0 0 0 0 
0 0 0 0 15 14 9 9 9 1 0 0 0 
0 0 0 0 14 15 9 9 9 1 0 0 0 
0 0 0 0 9 9 9 9 1 1 0 0 0 
0 0 0 14 9 9 9 1 1 1 0 0 0 
0 0 15 14 9 9 1 1 1 1 0 0 0 
0 0 14 14 1 1 1 1 1 0 0 0 0 
0 0 0 0 14 14 14 14 0 0 0 0 0 
0 0 0 0 15 15 15 14 14 0 0 0 0 
0 0 0 0 2 2 0 0 2 2 0 0 0 
0 0 0 2 2 2 0 2 2 2 0 0 0 
0 0 2 2 2 2 2 2 0 0 0 0 0 
0 2 2 2 2 2 2 2 0 0 0 0 0 
0 2 2 2 2 2 14 14 0 0 0 0 0 
0 0 2 2 2 2 14 14 14 0 0 0 0 
0 0 0 2 14 14 14 15 15 15 0 0 0 
0 0 0 0 14 15 14 15 15 15 0 0 0 
0 0 0 0 14 1 9 1 0 0 0 0 0 
0 0 0 15 14 1 9 1 0 0 0 0 0 
0 0 0 14 14 1 9 1 0 0 0 0 0 
0 0 15 14 1 9 9 1 1 0 0 0 0 
0 0 15 14 1 9 9 9 1 0 15 15 0 
0 0 15 14 9 9 9 1 1 0 15 14 0 
0 0 0 0 9 9 1 1 1 1 15 14 0 
0 0 0 9 9 1 1 1 1 1 14 14 0 
0 0 9 9 1 1 1 0 15 14 14 0 0 
0 0 9 1 1 1 0 0 14 14 0 0 0 
0 0 15 14 14 14 0 0 0 0 0 0 0 
0 0 15 15 15 14 14 0 0 0 0 0 0 
0 0 0 0 0 0 0 0 0 0 0 0 0 
0 0 0 0 0 0 0 0 0 0 0 0 0 
0 0 2 2 0 0 2 2 0 0 0 0 0 
0 0 2 2 0 2 2 2 0 0 0 0 0 
0 0 2 2 2 2 2 2 0 0 0 0 0 
0 0 2 2 2 2 2 2 0 0 0 0 0 
0 0 2 2 2 2 14 14 0 0 0 0 0 
0 0 0 2 2 2 14 14 15 0 0 0 0 
0 0 0 0 14 14 14 15 15 15 0 0 0 
0 0 0 0 14 14 15 14 15 15 0 0 0 
0 0 0 15 14 9 9 1 0 0 0 0 0 
0 0 0 15 14 9 9 1 0 0 0 0 0 
0 0 15 14 9 9 9 1 1 0 0 0 0 
0 0 15 14 9 9 9 9 1 0 0 0 0 
15 15 14 14 9 9 1 9 1 1 0 0 0 
14 14 14 9 9 1 1 9 9 1 0 0 0 
0 0 9 9 9 1 1 9 1 1 1 0 0 
0 0 9 9 1 1 1 1 1 1 1 0 0 
15 15 14 14 0 0 0 14 14 14 14 14 0 
15 14 15 14 14 0 0 0 15 15 14 14 14 
0 0 0 0 0 0 0 0 0 0 0 0 0 
0 0 0 0 0 0 0 0 0 0 0 0 0 
0 0 0 0 2 2 2 0 0 0 0 0 0 
0 0 0 2 2 2 2 2 2 0 0 0 0 
0 0 2 2 2 2 14 2 2 2 0 0 0 
0 0 2 2 2 2 14 14 2 2 0 0 0 
0 0 2 2 14 14 14 15 14 15 0 0 0 
0 0 2 2 14 15 14 15 15 15 0 0 0 
0 0 0 0 9 15 1 1 0 0 0 0 0 
0 0 0 0 15 14 1 1 0 0 0 0 0 
0 0 0 0 15 14 9 1 0 0 0 0 0 
0 0 0 15 14 14 9 1 1 0 0 0 0 
0 0 15 14 14 1 9 9 1 0 0 0 0 
0 0 15 14 1 9 9 9 1 1 0 0 0 
0 0 0 0 1 9 9 9 1 1 0 0 0 
0 0 0 9 9 1 9 1 1 1 0 0 0 
15 15 9 9 1 9 1 1 1 1 0 0 0 
15 14 1 1 1 9 1 1 1 1 0 0 0 
15 14 0 0 0 1 1 14 14 14 0 0 0 
15 15 14 0 0 0 15 15 14 14 15 0 0 
0 0 0 0 0 0 0 0 0 0 0 0 0 
0 0 0 0 0 0 0 0 0 0 0 0 0 
0 0 0 2 2 2 2 2 2 2 0 0 0 
0 0 2 2 2 2 2 2 2 2 2 0 0 
0 0 2 2 2 2 14 14 0 0 0 0 0 
0 0 2 2 2 2 14 14 14 0 0 0 0 
0 0 2 2 14 14 14 15 15 15 0 0 0 
0 0 2 2 14 14 15 14 15 15 0 0 0 
0 0 0 2 14 15 9 1 0 0 0 0 0 
0 0 0 0 15 14 14 9 0 0 0 0 0 
0 0 0 0 9 15 14 1 0 0 0 0 0 
0 0 0 0 9 15 14 9 1 0 0 0 0 
0 0 0 0 15 15 14 9 1 0 0 0 0 
0 0 0 15 14 14 9 9 1 1 0 0 0 
0 0 0 0 9 9 9 9 1 1 0 0 0 
0 0 0 15 9 9 9 1 1 1 0 0 0 
0 0 15 14 9 9 1 1 1 1 0 0 0 
0 0 15 14 1 1 1 1 1 0 0 0 0 
0 0 0 0 15 14 14 14 0 0 0 0 0 
0 0 0 0 15 15 14 14 14 0 0 0 0 
0 0 0 0 2 2 0 0 2 2 0 0 0 
0 0 0 2 2 2 0 2 2 2 0 0 0 
0 0 2 2 2 2 2 2 0 0 0 0 0 
0 0 2 2 2 2 2 2 0 0 0 0 0 
0 0 2 2 2 2 14 14 0 0 0 0 0 
0 0 2 2 2 2 14 14 15 0 0 0 0 
0 0 0 2 14 14 14 15 14 15 0 0 0 
0 0 0 0 14 15 14 15 15 15 0 0 0 
0 0 0 0 15 14 9 1 0 0 0 0 0 
0 0 0 0 15 15 14 1 0 0 0 0 0 
0 0 0 0 9 15 14 1 0 0 0 0 0 
0 0 0 0 9 9 15 14 1 0 0 0 0 
0 0 0 0 9 9 15 14 1 0 15 15 0 
0 0 0 9 9 9 15 14 1 1 15 14 0 
0 0 0 9 9 1 1 1 1 1 14 14 0 
0 0 9 9 9 1 1 1 1 15 14 14 0 
0 0 9 9 1 1 1 0 15 14 14 0 0 
0 0 9 1 1 1 0 0 15 14 0 0 0 
0 15 15 14 14 14 0 0 0 0 0 0 0 
0 0 15 15 14 14 14 0 0 0 0 0 0 
0 0 0 0 0 0 0 0 0 0 0 0 0 
0 0 0 0 0 0 0 0 0 0 0 0 0 
0 0 0 2 0 0 2 2 0 0 0 0 0 
0 0 2 2 0 2 2 2 0 0 0 0 0 
0 0 2 2 2 2 2 2 0 0 0 0 0 
0 0 2 2 2 2 2 2 0 0 0 0 0 
0 0 0 2 2 2 14 14 0 0 0 0 0 
0 0 0 2 2 2 14 14 15 0 0 0 0 
0 0 0 0 14 14 14 15 15 15 0 0 0 
0 0 0 0 14 15 14 15 14 15 0 0 0 
0 0 0 0 9 15 14 1 0 0 0 0 0 
0 0 0 0 9 15 14 1 0 0 0 0 0 
0 0 0 0 9 1 15 14 1 0 0 0 0 
0 0 0 0 9 9 15 14 1 1 0 0 0 
0 0 0 0 9 9 1 15 14 14 0 0 0 
0 0 0 0 9 9 1 1 15 15 0 0 0 
0 0 9 9 9 1 1 1 1 1 0 0 0 
15 0 9 1 1 1 1 1 1 1 1 0 0 
15 15 14 14 0 0 0 0 14 14 14 15 14 
15 14 14 15 14 0 0 15 15 14 14 14 0 
0 0 0 0 0 0 0 0 0 0 0 0 0 
0 0 0 0 0 0 0 0 0 0 0 0 0 
0 0 0 0 2 2 2 2 0 0 0 0 0 
0 0 0 2 2 2 2 2 2 0 0 0 0 
0 0 2 2 2 2 14 14 2 2 0 0 0 
0 0 2 2 2 2 14 14 14 2 0 0 0 
0 0 2 2 14 14 14 14 15 15 0 0 0 
0 0 2 2 15 14 14 15 15 15 0 0 0 
0 0 0 2 15 9 1 1 0 0 0 0 0 
0 0 0 0 15 14 9 1 0 0 0 0 0 
0 0 0 0 15 14 9 9 1 0 0 0 0 
0 0 0 0 15 14 14 9 1 0 0 0 0 
0 0 0 0 9 15 14 14 1 0 0 0 0 
0 0 0 0 9 9 15 14 1 0 0 0 0 
0 0 0 0 9 9 9 9 1 1 0 0 0 
0 0 0 0 1 9 9 1 1 1 0 0 0 
0 15 9 9 9 9 1 1 1 1 0 0 0 
15 14 9 9 1 1 1 1 1 1 0 0 0 
15 14 0 0 0 15 15 14 14 14 0 0 0 
15 15 14 0 0 0 15 15 14 15 14 0 0 
