200 100
---
0 0 0 0 0 0 0 0 0 0 0 0 0 0 0 0 0 0 0 0 0 0 0 0 0 0 0 0 0 0 0 0 0 0 0 0 0 0 0 0 0 0 0 0 0 0 0 0 0 0 0 0 0 0 0 0 0 0 0 0 0 0 0 0 0 0 0 0 0 0 0 0 0 0 0 0 0 0 0 0 0 0 0 0 0 0 0 0 0 0 0 0 0 0 0 0 0 0 0 0 0 0 0 0 0 0 0 0 0 0 0 0 0 0 0 0 0 0 0 0 0 0 0 0 0 0 0 0 0 0 0 0 0 0 0 0 0 0 0 0 0 0 0 0 0 0 0 0 0 0 0 0 0 0 0 0 0 0 0 0 0 0 0 0 0 0 0 0 0 0 0 0 0 0 0 0 0 0 0 0 0 0 0 0 0 0 0 0 0 0 0 0 0 0 0 0 0 0 0 0 
0 0 0 0 0 0 0 0 0 0 0 0 0 0 0 0 0 0 0 0 0 0 0 0 0 0 0 0 0 0 0 0 0 0 0 0 0 0 0 0 0 14 14 14 14 14 15 0 0 0 0 0 0 0 0 0 0 0 0 0 0 0 0 0 0 0 0 0 0 0 0 0 0 0 0 0 0 0 0 0 0 0 0 0 0 0 0 0 0 0 0 0 0 0 0 0 0 0 0 0 0 0 0 0 0 0 0 0 0 0 0 0 0 0 0 0 0 0 0 0 0 0 0 0 0 0 0 0 0 0 0 0 0 0 0 0 0 0 0 0 0 0 0 0 0 0 0 0 0 0 0 0 0 0 0 0 0 0 0 0 0 0 0 0 0 0 0 0 0 0 0 0 0 0 0 0 0 0 0 0 0 0 0 0 0 0 0 0 0 0 0 0 0 0 0 0 0 0 0 0 
0 0 0 0 0 0 0 0 0 0 0 0 0 0 0 0 0 0 0 0 0 0 0 0 0 0 0 0 0 0 0 0 0 0 0 0 0 0 6 6 8 0 0 0 0 0 7 7 0 0 0 0 0 0 0 0 0 0 0 0 0 0 0 0 0 0 0 0 0 0 0 0 0 0 0 0 0 0 0 0 0 0 0 0 0 0 0 0 0 0 0 0 0 0 0 0 0 0 0 0 0 0 0 0 0 0 0 0 0 0 0 0 0 0 0 0 0 0 0 0 0 0 0 0 0 0 0 0 0 0 0 0 0 0 0 0 0 0 0 0 0 0 0 0 0 0 0 0 0 0 0 0 0 0 0 0 0 0 0 0 0 0 0 0 0 0 0 0 0 0 0 0 0 0 0 0 0 0 0 0 0 0 0 0 0 0 0 0 0 0 0 0 0 0 0 0 0 0 0 0 
0 0 0 0 0 0 0 0 0 0 0 0 0 0 0 0 0 0 0 0 0 0 0 0 0 0 0 0 0 0 0 0 0 0 0 0 0 6 0 0 0 0 2 10 2 8 0 8 7 0 0 0 0 0 0 0 0 0 0 0 0 0 0 0 0 0 0 0 0 0 0 0 0 0 0 0 0 0 0 0 0 0 0 0 0 0 0 0 0 0 0 0 0 0 0 0 0 0 0 0 0 0 0 0 0 0 0 0 0 0 0 0 0 0 0 0 0 0 0 0 0 0 0 0 0 0 0 0 0 0 0 0 0 0 0 0 0 0 0 0 0 0 0 0 0 0 0 0 0 0 0 0 0 0 0 0 0 0 0 0 0 0 0 0 0 0 0 0 0 0 0 0 0 0 0 0 0 0 0 0 0 0 0 0 0 0 0 0 0 0 0 0 0 0 0 0 0 0 0 0 
0 0 0 0 0 0 0 0 0 0 0 0 0 0 0 0 0 0 0 0 0 0 0 0 0 0 0 0 0 0 0 0 0 0 0 0 6 0 0 2 2 2 2 10 10 11 8 0 8 7 0 0 0 0 0 0 0 0 0 0 0 0 0 0 0 0 0 0 0 0 0 0 0 0 0 0 0 0 0 0 0 0 0 0 0 0 0 0 0 0 0 0 0 0 0 0 0 0 0 0 0 0 0 0 0 0 0 0 0 0 0 0 0 0 0 0 0 0 0 0 0 0 0 0 0 0 0 0 0 0 0 0 0 0 0 0 0 0 0 0 0 0 0 0 0 0 0 0 0 0 0 0 0 0 0 0 0 0 0 0 0 0 0 0 0 0 0 0 0 0 0 0 0 0 0 0 0 0 0 0 0 0 0 0 0 0 0 0 0 0 0 0 0 0 0 0 0 0 0 0 
0 0 0 0 0 0 0 0 0 0 0 0 0 0 0 0 0 0 0 0 0 0 0 0 0 0 0 0 0 0 0 0 0 0 0 6 0 0 2 2 2 2 2 2 10 10 7 2 6 7 0 0 0 0 0 0 0 0 0 0 0 0 0 0 0 0 0 0 0 0 0 0 0 0 0 0 0 0 0 0 0 0 0 0 0 0 0 0 0 0 0 0 0 0 0 0 0 0 0 0 0 0 0 0 0 0 0 0 0 0 0 0 0 0 0 0 0 0 0 0 0 0 0 0 0 0 0 0 0 0 0 0 0 0 0 0 0 0 0 0 0 0 0 0 0 0 0 0 0 0 0 0 0 0 0 0 0 0 0 0 0 0 0 0 0 0 0 0 0 0 0 0 0 0 0 0 0 0 0 0 0 0 0 0 0 0 0 0 0 0 0 0 0 0 0 0 0 0 0 0 
0 0 0 0 0 0 0 0 0 0 0 0 0 0 0 0 0 0 0 0 0 0 0 0 0 0 0 0 0 0 0 0 0 0 14 0 0 0 2 2 2 2 2 2 10 10 11 2 6 8 7 0 0 0 0 0 0 0 0 0 0 0 0 0 0 0 0 0 0 0 0 0 0 0 0 0 0 0 0 0 0 0 0 0 0 0 0 0 0 0 0 0 0 0 0 0 0 0 0 0 0 0 0 0 0 0 0 0 0 0 0 0 0 0 0 0 0 0 0 0 0 0 0 0 0 0 0 0 0 0 0 0 0 0 0 0 0 0 0 0 0 0 0 0 0 0 0 0 0 0 0 0 0 0 0 0 0 0 0 0 0 0 0 0 0 0 0 0 0 0 0 0 0 0 0 0 0 0 0 0 0 0 0 0 0 0 0 0 0 0 0 0 0 0 0 0 0 0 0 0 
0 0 0 0 0 0 0 0 0 0 0 0 0 0 0 0 0 0 0 0 0 0 0 0 0 0 0 0 0 0 0 0 0 0 14 4 0 0 2 2 2 2 2 2 10 10 10 2 6 8 7 0 0 0 0 0 0 0 0 0 0 0 0 0 0 0 0 0 0 0 0 0 0 0 0 0 0 0 0 0 0 0 0 0 0 0 0 0 0 0 0 0 0 0 0 0 0 0 0 0 0 0 0 0 0 0 0 0 0 0 0 0 0 0 0 0 0 0 0 0 0 0 0 0 0 0 0 0 0 0 0 0 0 0 0 0 0 0 0 0 0 0 0 0 0 0 0 0 0 0 0 0 0 0 0 0 0 0 0 0 0 0 0 0 0 0 0 0 0 0 0 0 0 0 0 0 0 0 0 0 0 0 0 0 0 0 0 0 0 0 0 0 0 0 0 0 0 0 0 0 
0 0 0 0 0 0 0 0 0 0 0 0 0 0 0 0 0 0 0 0 0 0 0 0 0 0 0 0 0 0 0 0 0 0 14 4 0 0 2 2 2 2 2 2 10 10 10 0 6 8 15 0 0 0 0 0 0 0 0 0 0 0 0 0 0 0 0 0 0 0 0 0 0 0 0 0 0 0 0 0 0 0 0 0 0 0 0 0 0 0 0 0 0 0 0 0 0 0 0 0 0 0 0 0 0 0 0 0 0 0 0 0 0 0 0 0 0 0 0 0 0 0 0 0 0 0 0 0 0 0 0 0 0 0 0 0 0 0 0 0 0 0 0 0 0 0 0 0 0 0 0 0 0 0 0 0 0 0 0 0 0 0 0 0 0 0 0 0 0 0 0 0 0 0 0 0 0 0 0 0 0 0 0 0 0 0 0 0 0 0 0 0 0 0 0 0 0 0 0 0 
0 0 0 0 0 0 0 0 0 0 0 0 0 0 0 0 0 0 0 0 0 0 0 0 0 0 0 0 0 0 0 0 0 0 14 4 0 0 2 2 2 2 2 10 10 10 2 4 8 7 0 0 0 0 0 0 0 0 0 0 0 0 0 0 0 0 0 0 0 0 0 0 0 0 0 0 0 0 0 0 0 0 0 0 0 0 0 0 0 0 0 0 0 0 0 0 0 0 0 0 0 0 0 0 0 0 0 0 0 0 0 0 0 0 0 0 0 0 0 0 0 0 0 0 0 0 0 0 0 0 0 0 0 0 0 0 0 0 0 0 0 0 0 0 0 0 0 0 0 0 0 0 0 0 0 0 0 0 0 0 0 0 0 0 0 0 0 0 0 0 0 0 0 0 0 0 0 0 0 0 0 0 0 0 0 0 0 0 0 0 0 0 0 0 0 0 0 0 0 0 
0 0 0 0 0 0 0 0 0 0 0 0 0 0 0 0 0 0 0 0 0 0 0 0 0 0 0 0 0 0 0 0 0 0 0 6 0 0 0 2 2 2 2 10 10 2 4 8 8 7 0 0 0 0 0 0 0 0 0 0 0 0 0 0 0 0 0 0 0 0 0 0 0 0 0 0 0 0 0 0 0 0 0 0 0 0 0 0 0 0 0 0 0 0 0 0 0 0 0 0 0 0 0 0 0 0 0 0 0 0 0 0 0 0 0 0 0 0 14 14 14 0 0 0 0 0 0 0 0 0 0 0 0 0 0 0 0 0 0 0 0 0 0 0 0 0 0 0 0 0 0 0 0 0 0 0 0 0 0 0 0 0 0 0 0 0 0 0 0 0 0 0 0 0 0 0 0 0 0 0 0 0 0 0 0 0 0 0 0 0 0 0 0 0 0 0 0 0 0 0 
0 0 0 0 0 0 0 0 0 0 0 0 0 0 0 0 0 0 0 0 0 0 0 0 0 0 0 0 0 0 0 0 0 0 0 7 6 6 0 0 2 2 10 10 10 0 6 8 7 0 0 0 0 0 0 0 0 0 0 0 0 0 0 0 0 0 0 0 0 0 0 0 0 0 0 0 0 0 0 0 0 0 0 0 0 0 0 0 0 0 0 0 0 0 0 0 0 0 0 0 0 0 0 0 0 0 0 0 0 0 0 0 0 0 0 14 14 6 4 0 6 7 7 0 0 0 0 0 0 0 0 0 0 0 0 0 0 0 0 14 14 14 14 14 7 0 0 0 0 0 0 0 0 0 0 0 0 0 0 0 0 0 0 0 0 0 0 0 0 0 0 0 0 0 0 0 0 0 0 0 0 0 0 0 0 0 0 0 0 0 0 0 0 0 0 0 0 0 0 0 
0 0 0 0 0 0 0 0 0 0 0 0 0 0 0 0 0 0 0 0 0 0 0 0 0 0 0 0 0 0 0 0 0 0 0 0 7 7 6 0 2 2 2 10 10 0 6 8 0 0 0 0 0 0 0 0 0 0 0 0 0 0 0 0 0 0 0 0 0 0 0 0 0 0 0 0 0 0 0 0 0 0 0 0 0 0 0 0 0 0 0 0 0 0 0 0 0 0 0 0 0 0 0 0 0 0 0 0 0 0 0 0 0 0 6 6 0 2 2 8 2 0 8 7 0 0 0 0 0 0 0 0 0 0 0 0 0 0 14 6 0 0 0 0 6 6 7 0 0 0 0 0 0 0 0 0 0 0 0 0 0 0 0 0 0 0 0 0 0 0 0 0 0 0 0 0 0 0 0 0 0 0 0 0 0 0 0 0 0 0 0 0 0 0 0 0 0 0 0 0 
0 0 0 0 0 0 0 0 0 0 0 0 0 0 0 0 0 0 0 0 0 0 0 0 0 0 0 0 0 0 0 0 0 0 0 0 0 7 14 0 0 2 2 10 10 0 6 7 0 0 0 0 0 0 0 0 0 0 0 0 0 0 0 0 0 0 0 0 0 0 0 0 0 0 0 0 0 0 0 0 0 0 0 0 0 0 0 0 0 0 0 0 0 0 0 0 0 0 0 0 0 0 0 0 0 0 0 0 0 0 0 0 0 6 0 0 2 10 10 11 11 2 6 7 15 0 0 0 0 0 0 0 0 0 0 0 0 6 0 2 10 10 10 10 2 0 6 7 0 0 0 14 14 6 14 15 0 0 0 0 0 0 0 0 0 0 0 0 0 0 0 0 0 0 0 0 0 0 0 0 0 0 0 0 0 0 0 0 0 0 0 0 0 0 0 0 0 0 0 0 
0 0 0 0 0 0 0 0 0 0 0 0 0 0 0 0 0 0 0 0 0 0 0 0 0 0 0 0 0 0 0 0 0 0 0 0 0 0 14 0 2 2 2 10 10 0 6 7 0 0 0 0 0 0 0 0 0 0 0 0 0 0 0 0 0 0 0 0 0 0 0 0 0 0 0 0 0 0 0 0 0 0 0 0 0 0 0 14 14 15 0 0 0 0 0 0 0 0 0 0 0 0 0 0 0 0 0 0 0 0 0 0 14 6 2 2 10 10 10 10 10 2 0 6 7 0 0 0 0 0 0 0 0 0 0 0 0 6 2 10 10 10 10 10 10 10 0 6 7 0 14 0 0 0 0 8 7 0 0 0 0 0 0 0 0 0 0 0 0 0 0 0 0 0 0 0 0 0 0 0 0 0 0 0 0 0 0 0 0 0 0 0 0 0 0 0 0 0 0 0 
0 0 0 0 0 0 0 0 0 0 0 0 0 0 0 0 0 0 0 0 0 0 0 0 0 0 0 0 0 0 0 0 0 0 14 14 15 15 14 0 2 2 2 10 10 0 6 7 0 0 0 0 0 0 0 0 0 0 0 0 0 0 0 0 0 0 0 0 0 0 0 0 0 0 0 0 0 0 0 0 0 0 0 15 14 14 14 6 0 6 7 0 0 0 0 0 0 0 0 0 0 0 0 0 0 0 0 0 0 0 0 0 14 0 2 2 10 10 2 2 2 0 0 6 7 0 0 0 0 0 0 0 0 0 0 0 14 0 10 10 10 10 10 10 10 10 2 4 8 14 0 2 2 2 0 6 7 0 0 0 0 0 0 0 0 0 0 0 0 0 0 0 0 0 0 0 0 0 0 0 0 0 0 0 0 0 0 0 0 0 0 0 0 0 0 0 0 0 0 0 
0 0 0 0 0 0 0 0 0 0 0 0 0 0 0 0 0 0 0 0 0 0 0 0 0 0 0 0 0 0 0 0 14 6 0 0 6 8 14 0 0 2 10 10 10 0 6 7 0 0 0 0 0 0 0 0 0 0 0 0 0 0 0 0 0 0 0 0 0 0 0 0 0 0 0 0 0 0 0 0 0 0 0 6 0 2 2 2 2 0 6 7 7 0 0 0 0 0 0 0 0 0 0 0 0 0 0 0 0 0 0 0 14 0 2 2 2 2 2 2 0 0 6 8 7 0 0 0 0 0 0 0 0 0 0 0 14 2 10 10 2 0 0 10 10 10 10 0 6 0 2 2 10 10 2 0 6 7 0 0 0 0 0 0 0 0 0 0 0 0 0 0 0 0 0 0 0 0 0 0 0 0 0 0 0 0 0 0 0 0 0 0 0 0 0 0 0 0 0 0 
0 0 0 0 0 0 0 0 0 0 0 0 0 0 0 0 0 0 0 0 0 0 0 0 0 0 0 0 0 0 0 14 0 0 2 0 0 0 6 0 2 2 2 10 10 0 6 7 0 0 0 0 0 0 0 0 0 0 0 0 0 0 0 0 0 0 0 0 0 0 0 0 0 0 0 0 0 0 0 0 0 0 6 2 10 10 10 10 10 2 2 6 7 15 0 0 0 0 0 0 0 0 0 0 0 0 0 0 0 0 0 0 14 0 2 2 2 2 0 0 6 6 8 7 0 0 0 0 0 0 0 0 0 0 0 0 14 0 2 2 0 12 0 10 10 10 10 0 0 2 10 10 11 10 2 0 6 7 0 0 0 0 0 0 0 0 0 0 0 0 0 0 0 0 0 0 0 0 0 0 0 0 0 0 0 0 0 0 0 0 0 0 0 0 0 0 0 0 0 0 
0 0 0 0 0 0 0 0 0 0 0 0 0 0 0 0 0 0 0 0 0 0 0 0 0 0 0 0 0 0 14 6 0 2 10 10 2 2 0 0 2 2 10 10 2 12 4 8 7 0 0 0 0 0 0 0 0 0 0 0 0 0 0 0 0 0 0 0 0 0 0 0 0 0 0 0 0 0 0 0 0 14 0 2 10 10 10 10 10 2 0 6 8 7 0 0 0 0 0 0 0 0 0 0 0 0 0 0 0 0 0 0 14 0 0 0 0 0 2 4 8 8 7 0 0 0 0 0 0 0 0 0 0 0 0 0 14 0 2 0 8 8 8 2 10 10 10 0 2 2 10 2 2 0 0 4 8 7 0 0 0 0 0 0 0 0 0 0 0 0 0 0 0 0 0 0 0 0 0 0 0 0 0 0 0 0 0 0 0 0 0 0 0 0 0 0 0 0 0 0 
0 0 0 0 0 0 0 0 0 0 0 0 0 0 0 0 0 0 0 0 0 0 0 0 0 0 0 0 0 14 6 0 2 10 10 10 2 0 0 0 2 2 10 10 0 8 0 6 7 0 0 0 0 0 0 0 0 0 0 0 0 0 0 0 0 0 0 0 0 0 0 0 15 15 15 15 15 0 0 0 0 6 6 6 4 2 10 10 10 2 2 4 8 7 0 0 0 0 0 0 0 0 0 0 0 0 0 0 0 0 0 0 15 8 6 6 6 6 6 6 6 7 15 0 0 0 0 0 0 0 0 0 0 0 0 0 7 14 8 8 15 8 8 2 10 10 10 2 2 2 10 0 4 6 6 8 8 7 0 0 0 15 15 15 0 0 0 0 0 0 0 0 0 0 0 0 0 0 0 0 0 0 0 0 0 0 0 0 0 0 0 0 0 0 0 0 0 0 0 0 
0 0 0 0 0 0 0 0 0 0 0 0 0 0 0 0 0 0 0 0 0 0 0 0 0 0 0 0 0 14 6 0 2 10 10 0 0 8 4 0 2 2 2 2 0 8 8 8 7 0 0 0 0 0 0 0 0 0 0 0 0 0 0 0 0 14 14 14 7 15 0 14 6 6 6 6 6 7 15 0 14 0 0 0 0 4 2 10 10 2 4 6 8 7 0 0 14 14 14 0 0 0 0 0 0 0 0 0 0 0 0 0 0 7 7 8 6 6 0 0 0 6 7 0 0 0 0 0 0 0 0 0 0 0 0 0 15 6 8 12 0 8 12 0 2 10 10 2 2 2 10 2 0 0 6 8 7 0 0 15 6 6 6 6 6 7 15 0 0 0 0 0 0 0 0 0 0 0 0 0 0 0 0 0 0 0 0 0 0 0 0 0 0 0 0 0 0 0 0 0 
0 0 0 0 0 0 0 0 0 0 0 0 0 0 0 0 0 0 0 0 0 0 0 0 0 0 0 0 0 14 0 10 10 10 10 0 8 7 8 8 0 2 2 0 12 7 7 0 8 0 0 0 0 0 0 0 0 0 0 0 0 0 0 14 6 0 0 0 6 7 12 0 0 0 2 2 0 6 7 14 0 2 11 10 2 0 4 2 2 8 8 0 8 7 15 14 4 0 4 6 7 15 0 0 0 0 0 0 0 0 0 0 0 0 7 6 0 2 10 10 10 0 6 7 0 0 0 0 0 0 0 0 0 0 0 0 14 6 12 7 8 12 7 8 2 10 10 0 2 2 10 10 10 2 4 6 6 6 7 6 0 0 0 0 0 6 7 15 0 0 0 0 0 0 0 0 0 0 0 0 0 0 0 0 0 0 0 0 0 0 0 0 0 0 0 0 0 0 0 0 
0 0 0 0 0 0 0 0 0 0 0 0 0 0 0 0 0 0 0 0 0 0 0 0 0 0 0 0 0 6 0 10 10 10 2 0 8 12 8 8 0 2 2 0 7 7 7 0 8 0 0 0 0 0 0 0 0 0 0 0 0 14 6 4 0 0 2 2 0 4 0 2 2 10 10 10 2 0 6 0 2 11 11 11 11 0 6 7 8 7 0 8 0 6 6 4 8 7 7 8 6 14 14 7 0 0 0 0 0 14 14 14 7 7 6 0 2 10 10 11 10 2 0 6 7 14 14 14 14 14 15 0 0 0 0 14 6 0 7 7 7 7 7 0 10 10 2 0 0 2 2 7 10 2 6 0 0 0 6 6 0 2 10 10 2 0 6 7 7 0 0 0 0 0 0 0 0 0 0 0 0 0 0 0 0 0 0 0 0 0 0 0 0 0 0 0 0 0 0 0 
0 0 0 0 0 0 0 0 0 0 0 0 0 0 0 0 0 0 0 0 0 0 0 0 0 0 0 0 15 6 2 10 10 2 0 8 7 8 8 8 8 2 2 0 7 7 7 0 8 0 0 0 0 0 0 0 0 0 0 14 6 6 0 0 0 0 2 2 2 2 2 2 10 10 10 10 10 2 0 2 10 10 10 10 11 0 4 8 0 12 7 8 0 0 0 0 7 7 12 8 0 0 0 6 6 7 0 14 6 0 0 0 6 6 0 2 2 2 10 11 11 10 0 6 6 6 0 0 0 0 6 7 15 14 6 0 0 0 8 8 7 7 7 8 0 0 0 6 0 2 2 10 10 2 4 2 2 2 0 0 0 2 11 11 11 10 0 6 7 0 0 0 0 0 0 0 0 0 0 0 0 0 0 0 0 0 0 0 0 0 0 0 0 0 0 0 0 0 0 0 
0 0 0 0 0 0 0 0 0 0 0 0 0 0 0 0 0 0 0 0 0 0 0 0 0 0 0 0 15 6 0 10 10 10 2 0 7 8 0 7 12 0 2 0 8 7 8 0 8 7 0 0 0 14 14 14 14 14 6 4 4 6 4 0 0 0 2 2 2 10 10 10 10 10 10 10 10 10 10 10 10 10 10 10 11 2 4 8 0 7 7 8 0 0 0 0 12 7 0 0 2 2 2 2 0 6 6 4 0 2 10 2 0 6 0 0 2 10 10 10 10 11 0 6 0 0 2 2 2 2 0 4 6 6 0 2 2 0 0 8 7 7 0 0 2 0 6 1 6 0 10 10 10 0 4 0 2 2 2 2 10 10 10 10 10 11 2 0 6 7 0 0 0 0 0 0 0 0 0 0 0 0 0 0 0 0 0 0 0 0 0 0 0 0 0 0 0 0 0 0 
0 0 0 0 0 0 0 0 0 0 0 0 0 0 0 0 0 0 0 0 0 0 0 0 0 0 0 0 0 8 6 0 10 10 0 0 0 0 8 7 7 0 2 2 0 0 0 0 6 7 15 0 12 0 0 0 4 6 0 0 2 2 0 6 0 0 2 2 2 2 10 2 2 2 2 10 10 10 10 0 0 2 2 10 10 2 4 14 7 7 7 8 0 2 2 2 0 0 0 2 10 10 10 10 2 0 0 2 2 10 11 11 2 0 4 0 2 2 10 10 10 11 0 4 0 2 2 2 2 10 2 0 0 2 2 10 10 10 0 0 0 0 0 2 10 2 6 1 6 0 2 10 2 0 6 0 2 10 10 2 2 2 2 2 10 10 2 0 6 7 0 0 0 0 0 0 0 0 0 0 0 0 0 0 0 0 0 0 0 0 0 0 0 0 0 0 0 0 0 0 
0 0 0 0 0 0 0 0 0 0 0 0 0 0 0 0 0 0 0 0 0 0 0 0 0 0 0 0 0 7 6 0 0 2 0 0 12 7 7 7 7 0 2 10 2 0 0 1 0 6 7 6 0 2 2 0 0 4 2 10 10 11 11 8 4 0 2 2 2 10 2 0 0 2 2 10 10 10 2 6 6 0 2 10 11 2 0 12 7 7 7 0 0 2 2 2 2 2 2 2 10 10 10 11 10 11 10 10 10 10 10 10 8 0 4 0 2 2 2 10 10 11 0 4 0 2 2 10 11 11 11 10 10 10 10 10 11 11 11 0 6 0 2 2 10 2 4 1 6 0 2 2 2 4 0 2 2 10 10 0 4 0 0 2 2 2 2 0 6 8 0 0 0 0 0 0 0 0 0 0 0 0 0 0 0 0 0 0 0 0 0 0 0 0 0 0 0 0 0 0 
0 0 0 0 0 0 0 0 0 0 0 0 0 0 0 0 0 0 0 0 0 0 0 0 0 0 0 0 0 0 7 6 0 4 0 0 0 8 8 8 0 2 2 10 10 2 0 1 0 6 6 0 2 11 10 2 0 4 2 2 2 2 10 2 4 0 2 2 2 2 4 6 0 0 2 2 10 2 0 6 8 0 0 2 10 2 4 4 8 8 0 0 0 2 2 2 2 2 2 2 2 2 10 11 10 10 2 2 2 2 2 10 10 0 6 0 0 2 2 2 10 10 2 4 0 2 2 10 10 11 10 10 2 0 2 0 2 10 11 2 0 6 0 2 2 2 0 6 0 2 2 2 0 6 0 2 2 10 10 2 0 6 6 0 0 2 0 4 8 8 0 0 0 0 0 0 0 0 0 0 0 0 0 0 0 0 0 0 0 0 0 0 0 0 0 0 0 0 0 0 
0 0 0 0 0 0 0 0 0 0 0 0 0 0 0 0 0 0 0 0 0 0 0 0 0 0 0 0 0 0 0 7 6 8 6 0 1 0 0 0 0 2 10 10 10 10 0 0 0 6 0 2 10 11 11 2 0 4 2 2 0 0 10 10 4 0 2 2 2 0 8 8 0 0 2 10 10 2 0 6 8 4 0 2 10 10 6 0 0 0 8 8 0 2 2 10 2 0 6 2 2 2 2 10 10 2 0 4 0 2 2 10 10 0 6 6 0 0 2 2 10 10 2 4 0 2 2 10 10 10 10 2 0 6 4 8 0 2 10 10 0 4 6 0 0 2 2 0 2 2 0 6 6 0 0 2 2 2 10 10 2 0 0 6 6 6 6 6 8 7 0 0 0 0 0 0 0 0 0 0 0 0 0 0 0 0 0 0 0 0 0 0 0 0 0 0 0 0 0 0 
0 0 0 0 0 0 0 0 0 0 0 0 0 0 0 0 0 0 0 0 0 0 0 0 0 0 0 0 0 0 0 0 7 7 6 0 0 0 0 2 2 2 10 10 10 10 2 2 0 0 2 10 10 10 11 2 0 4 0 6 6 0 2 2 6 0 0 2 2 0 8 8 0 0 2 10 10 10 0 0 6 0 0 2 10 10 0 4 8 7 7 0 0 2 2 10 0 8 8 4 0 2 2 10 10 0 6 8 4 0 2 10 10 0 8 8 0 0 2 2 10 10 10 0 6 0 2 2 10 10 10 2 6 0 8 7 0 2 10 10 2 4 8 8 4 6 2 0 0 2 8 5 8 6 0 2 2 2 2 10 10 10 2 0 6 8 8 8 7 0 0 0 0 0 0 0 0 0 0 0 0 0 0 0 0 0 0 0 0 0 0 0 0 0 0 0 0 0 0 0 
0 0 0 0 0 0 0 0 0 0 0 0 0 0 0 0 0 0 0 0 0 0 0 0 0 0 0 0 0 0 0 0 15 6 0 8 12 0 0 2 2 2 10 10 10 10 10 10 10 10 10 10 10 10 11 2 0 6 0 6 6 0 2 2 6 0 0 2 2 2 6 6 0 2 2 10 10 10 2 0 6 0 0 2 10 10 0 4 8 7 7 12 0 2 2 10 0 8 1 8 0 2 2 10 2 0 6 8 6 0 2 10 10 0 8 8 0 0 2 10 10 10 10 2 6 0 2 2 10 10 10 0 6 0 12 7 8 0 10 10 2 4 5 1 1 1 8 8 0 2 1 12 7 8 0 0 2 2 2 2 10 11 10 10 0 6 8 7 0 0 0 0 0 0 0 0 0 0 0 0 0 0 0 0 0 0 0 0 0 0 0 0 0 0 0 0 0 0 0 0 
0 0 0 0 0 0 0 0 0 0 0 0 0 0 0 0 0 0 0 0 0 0 0 0 0 0 0 0 0 0 0 15 6 4 7 7 8 0 2 2 2 2 10 10 10 10 10 10 10 10 10 10 10 10 10 2 0 4 0 0 4 0 10 2 6 0 0 2 2 2 0 0 2 2 2 10 10 10 10 2 0 2 2 2 10 10 2 0 6 12 7 7 8 0 2 10 2 8 1 6 0 2 2 10 2 6 8 8 6 0 2 10 10 0 8 8 0 2 2 2 10 10 10 2 0 0 0 2 10 10 10 0 6 0 12 7 7 0 10 10 2 4 8 1 1 1 1 5 0 2 0 7 7 7 8 0 0 2 2 2 10 10 10 10 10 0 6 7 0 0 0 0 0 0 0 0 0 0 0 0 0 0 0 0 0 0 0 0 0 0 0 0 0 0 0 0 0 0 0 0 
0 0 0 0 0 0 0 0 0 0 0 0 0 0 0 0 0 0 0 0 0 0 0 0 0 0 0 0 0 0 0 14 0 7 7 7 0 2 2 2 2 2 2 10 10 10 10 10 10 2 0 10 10 10 10 2 0 4 0 2 2 10 2 0 4 0 0 2 2 2 2 2 2 2 2 10 10 10 10 10 10 2 2 2 10 10 10 2 4 8 7 7 0 0 2 10 2 8 0 14 0 2 2 10 2 6 8 7 6 0 2 10 10 0 8 8 0 0 2 10 10 10 10 2 0 4 0 2 2 10 10 0 6 0 12 7 7 0 10 10 2 6 5 1 1 8 6 6 2 10 0 8 8 8 0 6 6 0 2 2 10 10 11 11 10 2 0 6 7 0 0 0 0 0 0 0 0 0 0 0 0 0 0 0 0 0 0 0 0 0 0 0 0 0 0 0 0 0 0 0 
0 0 0 0 0 0 0 0 0 0 0 0 0 0 0 0 0 0 0 0 0 0 0 0 0 0 0 0 0 0 0 14 0 7 7 8 0 2 2 0 8 0 2 2 10 10 10 2 0 8 12 0 10 10 10 2 0 4 0 2 10 2 0 6 6 0 0 2 2 2 2 2 2 2 10 10 10 10 10 10 10 10 2 10 10 10 10 2 6 0 8 8 0 2 2 10 2 4 12 6 0 2 2 10 2 0 6 6 0 0 2 10 10 0 6 0 0 2 2 10 10 10 10 2 0 4 0 2 2 10 10 2 2 0 0 8 8 2 10 10 2 4 8 4 6 0 0 2 10 10 2 0 8 0 0 6 0 6 0 2 2 10 10 11 10 2 0 6 8 15 0 0 0 0 0 0 0 0 0 0 0 0 0 0 0 0 0 0 0 0 0 0 0 0 0 0 0 0 0 0 
0 0 0 0 0 0 0 0 0 0 0 0 0 0 0 0 0 0 0 0 0 0 0 0 0 0 0 0 0 0 0 14 0 8 8 0 2 2 0 12 7 7 0 0 2 2 2 0 12 7 7 12 0 10 10 2 0 4 0 2 2 0 4 0 0 6 0 0 2 2 2 0 0 2 2 10 10 10 2 2 10 10 10 10 10 10 10 2 6 0 0 0 2 2 2 10 10 2 6 0 0 2 2 10 10 2 0 0 2 2 2 10 10 0 6 0 0 2 2 10 10 10 2 0 0 4 0 2 2 10 10 10 10 0 0 0 2 2 10 10 0 4 6 0 0 2 2 4 2 2 10 2 2 10 2 4 0 0 0 2 2 10 10 10 10 2 2 6 8 7 0 0 0 0 0 0 0 0 0 0 0 0 0 0 0 0 0 0 0 0 0 0 0 0 0 0 0 0 0 0 
0 0 0 0 0 0 0 0 0 0 0 0 0 0 0 0 0 0 0 0 0 0 0 0 0 0 0 0 0 0 0 7 6 0 0 0 0 0 0 7 7 7 8 0 0 0 0 0 7 7 7 7 0 2 10 2 0 4 0 2 2 0 0 2 2 0 6 0 2 2 0 4 4 0 2 2 2 2 0 0 2 2 10 10 10 10 2 0 8 0 0 0 2 2 2 10 10 2 0 2 2 2 10 10 10 10 2 2 10 2 10 10 10 0 6 0 0 2 2 2 2 2 0 0 6 0 0 2 2 10 10 10 2 2 2 2 10 10 10 0 6 0 0 2 2 2 8 8 8 0 2 10 11 10 2 0 4 0 0 2 2 10 10 10 10 2 2 6 8 7 0 0 0 0 0 0 0 0 0 0 0 0 0 0 0 0 0 0 0 0 0 0 0 0 0 0 0 0 0 0 
0 0 0 0 0 0 0 0 0 0 0 0 0 0 0 0 0 0 0 0 0 0 0 0 0 0 0 0 0 0 0 0 7 6 0 0 0 0 8 7 7 7 7 8 0 1 0 0 7 7 7 7 0 2 0 0 6 0 2 2 2 2 2 11 11 2 4 0 0 0 6 8 6 0 0 0 0 4 6 6 0 2 2 2 2 2 0 4 8 0 0 2 2 2 2 2 10 10 10 2 10 10 10 10 10 10 10 10 10 10 10 10 2 2 0 4 0 2 2 2 0 0 4 6 0 0 2 2 2 2 2 2 2 2 2 2 2 2 2 4 6 0 2 10 10 0 6 1 8 4 0 2 10 10 10 0 4 0 2 2 10 10 10 2 2 2 0 4 8 7 0 0 0 0 0 0 0 0 0 0 0 0 0 0 0 0 0 0 0 0 0 0 0 0 0 0 0 0 0 0 
0 0 0 0 0 0 0 0 0 0 0 0 0 0 0 0 0 0 0 0 0 0 0 0 0 0 0 0 0 0 0 0 15 7 0 0 0 0 0 7 7 7 7 12 0 1 1 8 14 7 7 7 0 0 0 6 0 2 2 2 10 10 10 10 2 0 6 0 0 6 8 8 7 6 4 4 4 8 8 8 0 0 0 0 0 0 4 7 8 0 0 2 2 2 2 2 2 2 2 10 10 10 10 2 2 2 2 10 10 10 10 2 2 2 0 4 0 0 0 0 0 6 8 6 0 2 2 2 2 2 2 2 0 0 2 2 2 2 0 0 0 2 10 10 10 0 6 1 8 6 0 2 2 10 11 2 4 0 2 2 2 2 2 2 2 2 0 6 8 7 0 0 0 0 0 0 0 0 0 0 0 0 0 0 0 0 0 0 0 0 0 0 0 0 0 0 0 0 0 0 
0 0 0 0 0 0 0 0 0 0 0 0 0 0 0 0 0 0 0 0 0 0 0 0 0 0 0 0 0 0 0 0 0 7 6 0 0 0 0 8 7 7 7 12 0 8 0 12 7 7 7 7 0 0 4 0 2 2 2 2 2 2 10 10 0 6 6 6 6 8 8 7 15 7 8 8 8 8 7 7 8 6 6 6 6 6 8 7 0 0 2 2 2 2 2 2 2 2 2 2 2 2 2 2 2 2 2 2 2 2 2 2 2 0 6 6 6 6 6 6 6 8 8 7 6 0 2 2 2 2 2 0 4 0 0 2 2 0 4 0 2 10 10 10 10 0 6 8 7 6 0 2 10 10 11 2 6 0 0 2 2 2 2 0 0 4 6 8 8 0 0 0 0 0 0 0 0 0 0 0 0 0 0 0 0 0 0 0 0 0 0 0 0 0 0 0 0 0 0 0 
0 0 0 0 0 0 0 0 0 0 0 0 0 0 0 0 0 0 0 0 0 0 0 0 0 0 0 0 0 0 0 0 0 0 14 0 1 1 0 8 7 7 7 7 0 6 4 7 7 7 7 7 0 6 0 0 2 2 2 2 2 2 2 0 6 8 8 8 8 7 0 0 0 0 7 7 7 7 0 0 7 7 8 8 8 6 8 8 0 0 0 2 2 2 2 0 0 0 2 2 2 2 2 2 0 0 0 0 2 2 0 0 0 4 8 8 8 8 8 8 8 7 15 15 7 6 0 0 0 0 0 6 8 6 0 0 0 6 0 2 2 2 10 10 10 0 6 6 14 6 0 2 2 10 10 2 6 6 4 0 0 0 0 6 6 8 8 7 7 0 0 0 0 0 0 0 0 0 0 0 0 0 0 0 0 0 0 0 0 0 0 0 0 0 0 0 0 0 0 0 
0 0 0 0 0 0 0 0 0 0 0 0 0 0 0 0 0 0 0 0 0 0 0 0 0 0 0 0 0 0 0 0 0 0 7 6 0 0 6 0 7 7 7 7 8 0 8 7 7 7 7 8 0 8 6 4 0 0 0 0 0 0 0 6 8 8 7 7 0 0 0 0 0 0 0 0 0 0 0 0 0 0 7 7 7 7 6 6 6 0 0 0 0 0 0 6 6 6 0 0 0 0 0 6 6 6 6 6 0 0 4 6 6 8 8 7 15 15 7 7 0 0 0 0 15 7 6 6 6 6 6 8 8 8 6 6 6 6 0 2 2 2 10 10 10 0 6 6 6 6 0 2 10 10 10 0 6 8 8 6 6 6 6 8 8 8 7 0 0 0 0 0 0 0 0 0 0 0 0 0 0 0 0 0 0 0 0 0 0 0 0 0 0 0 0 0 0 0 0 0 
0 0 0 0 0 0 0 0 0 0 0 0 0 0 0 0 0 0 0 0 0 0 0 0 0 0 0 0 0 0 0 0 0 0 0 7 6 6 8 0 8 7 7 12 0 0 7 7 7 7 12 0 8 7 7 8 6 4 4 4 6 6 8 8 8 7 0 0 0 0 0 0 0 0 0 0 0 0 0 0 0 0 0 0 0 0 7 7 8 6 4 4 4 6 6 8 8 8 6 4 4 4 6 8 8 8 8 8 6 6 8 8 8 8 7 0 0 0 0 0 0 0 0 0 0 15 7 8 8 8 8 7 7 0 7 8 8 6 0 2 2 10 10 10 10 0 6 6 0 4 0 2 10 10 2 0 6 8 7 7 8 8 8 8 7 0 0 0 0 0 0 0 0 0 0 0 0 0 0 0 0 0 0 0 0 0 0 0 0 0 0 0 0 0 0 0 0 0 0 0 
0 0 0 0 0 0 0 0 0 0 0 0 0 0 0 0 0 0 0 0 0 0 0 0 0 0 0 0 0 0 0 0 0 0 0 0 7 7 7 7 8 0 0 0 0 0 12 7 7 8 0 8 8 7 0 7 7 8 8 8 8 8 8 7 0 0 0 0 0 0 0 0 0 0 0 0 0 0 0 0 0 0 0 0 0 0 0 0 0 7 8 8 8 8 8 7 7 7 7 8 8 8 8 7 7 7 7 7 7 7 7 7 7 0 0 0 0 0 0 0 0 0 0 0 0 0 0 0 7 7 0 0 0 0 0 0 7 6 0 2 2 10 10 10 10 2 0 6 6 0 2 10 10 2 0 6 8 7 0 0 0 7 0 0 0 0 0 0 0 0 0 0 0 0 0 0 0 0 0 0 0 0 0 0 0 0 0 0 0 0 0 0 0 0 0 0 0 0 0 0 
0 0 0 0 0 0 0 0 0 0 0 0 0 0 0 0 0 0 0 0 0 0 0 0 0 0 0 0 0 0 0 0 0 0 0 0 0 0 0 0 7 8 8 8 7 8 0 8 0 0 8 7 7 0 0 0 0 7 7 7 7 7 0 0 0 0 0 0 0 0 0 0 0 0 0 0 0 0 0 0 0 0 0 0 0 0 0 0 0 0 7 7 7 7 0 0 0 0 0 7 7 7 7 0 0 0 0 0 0 0 0 0 0 0 0 0 0 0 0 0 0 0 0 0 0 0 0 0 0 0 0 0 0 0 0 0 0 6 0 2 2 2 10 10 10 10 2 0 0 10 10 10 2 0 6 8 8 0 0 0 0 0 0 0 0 0 0 0 0 0 0 0 0 0 0 0 0 0 0 0 0 0 0 0 0 0 0 0 0 0 0 0 0 0 0 0 0 0 0 0 
0 0 0 0 0 0 0 0 0 0 0 0 0 0 0 0 0 0 0 0 0 0 0 0 0 0 0 0 0 0 0 0 0 0 0 0 0 0 0 0 0 0 0 0 0 0 7 8 8 8 7 0 0 0 0 0 0 0 0 0 0 0 0 0 0 0 0 0 0 0 0 0 0 0 0 0 0 0 0 0 0 0 0 0 0 0 0 0 0 0 0 0 0 0 0 0 0 0 0 0 0 0 0 0 0 0 0 0 0 0 0 0 0 0 0 0 0 0 0 0 0 0 0 0 0 0 0 0 0 0 0 0 0 0 0 0 0 7 6 0 2 2 2 2 2 2 10 2 10 10 10 2 0 6 8 8 15 0 0 0 0 0 0 0 0 0 0 0 0 0 0 0 0 0 0 0 0 0 0 0 0 0 0 0 0 0 0 0 0 0 0 0 0 0 0 0 0 0 0 0 
0 0 0 0 0 0 0 0 0 0 0 0 0 0 0 0 0 0 0 0 0 0 0 0 0 0 0 0 0 0 0 0 0 0 0 0 0 0 0 0 0 0 0 0 0 0 0 15 7 7 0 0 0 0 0 0 0 0 0 0 0 0 0 0 0 0 0 0 0 0 0 0 0 0 0 0 0 0 0 0 0 0 0 0 0 0 0 0 0 0 0 0 0 0 0 0 0 0 0 0 0 0 0 0 0 0 0 0 0 0 0 0 0 0 0 0 0 0 0 0 0 0 0 0 0 0 0 0 0 0 0 0 0 0 0 0 0 0 7 6 0 2 2 2 2 2 2 2 2 2 0 0 6 8 8 15 0 0 0 0 0 0 0 0 0 0 0 0 0 0 0 0 0 0 0 0 0 0 0 0 0 0 0 0 0 0 0 0 0 0 0 0 0 0 0 0 0 0 0 0 
0 0 0 0 0 0 0 0 0 0 0 0 0 0 0 0 0 0 0 0 0 0 0 0 0 0 0 0 0 0 0 0 0 0 0 0 0 0 0 0 0 0 0 0 0 0 0 0 0 0 0 0 0 0 0 0 0 0 0 0 0 0 0 0 0 0 0 0 0 0 0 0 0 0 0 0 0 0 0 0 0 0 0 0 0 0 0 0 0 0 0 0 0 0 0 0 0 0 0 0 0 0 0 0 0 0 0 0 0 0 0 0 0 0 0 0 0 0 0 0 0 0 0 0 0 0 0 0 0 0 0 0 0 0 0 0 0 0 0 7 6 0 0 0 0 0 0 0 0 0 4 6 8 8 15 0 0 0 0 0 0 0 0 0 0 0 0 0 0 0 0 0 0 0 0 0 0 0 0 0 0 0 0 0 0 0 0 0 0 0 0 0 0 0 0 0 0 0 0 0 
0 0 0 0 0 0 0 0 0 0 0 0 0 0 0 0 0 0 0 0 0 0 0 0 0 0 0 0 0 0 0 0 0 0 0 0 0 0 0 0 0 0 0 0 0 0 0 0 0 0 0 0 0 0 0 0 0 0 0 0 0 0 0 0 0 0 0 0 0 0 0 0 0 0 0 0 0 0 0 0 0 0 0 0 0 0 0 0 0 0 0 0 0 0 0 0 0 0 0 0 0 0 0 0 0 0 0 0 0 0 0 0 0 0 0 0 0 0 0 0 0 0 0 0 0 0 0 0 0 0 0 0 0 0 0 0 0 0 0 0 7 6 6 6 6 6 6 6 6 6 8 8 7 15 0 0 0 0 0 0 0 0 0 0 0 0 0 0 0 0 0 0 0 0 0 0 0 0 0 0 0 0 0 0 0 0 0 0 0 0 0 0 0 0 0 0 0 0 0 0 
0 0 0 0 0 0 0 0 0 0 0 0 0 0 0 0 0 0 0 0 0 0 0 0 0 0 0 0 0 0 0 0 0 0 0 0 0 0 0 0 0 0 0 0 0 0 0 0 0 0 0 0 0 0 0 0 0 0 0 0 0 0 0 0 0 0 0 0 0 0 0 0 0 0 0 0 0 0 0 0 0 0 0 0 0 0 0 0 0 0 0 0 0 0 0 0 0 0 0 0 0 0 0 0 0 0 0 0 0 0 0 0 0 0 0 0 0 0 0 0 0 0 0 0 0 0 0 0 0 0 0 0 0 0 0 0 0 0 0 0 0 7 7 7 8 8 8 8 8 8 7 7 0 0 0 0 0 0 0 0 0 0 0 0 0 0 0 0 0 0 0 0 0 0 0 0 0 0 0 0 0 0 0 0 0 0 0 0 0 0 0 0 0 0 0 0 0 0 0 0 
0 0 0 0 0 0 0 0 0 0 0 0 0 0 0 0 0 0 0 0 0 0 0 0 0 0 0 0 0 0 0 0 0 0 0 0 0 0 0 0 0 0 0 0 0 0 0 0 0 0 0 0 0 0 0 0 0 0 0 0 0 0 0 0 0 0 0 0 0 0 0 0 0 0 0 0 0 0 0 0 0 0 0 0 0 0 0 0 0 0 0 0 0 0 0 0 0 0 0 0 0 0 0 0 0 0 0 0 0 0 0 0 0 0 0 0 0 0 0 0 0 0 0 0 0 0 0 0 0 0 0 0 0 0 0 0 0 0 0 0 0 0 0 0 7 7 7 7 15 0 0 0 0 0 0 0 0 0 0 0 0 0 0 0 0 0 0 0 0 0 0 0 0 0 0 0 0 0 0 0 0 0 0 0 0 0 0 0 0 0 0 0 0 0 0 0 0 0 0 0 
0 0 0 0 0 0 0 0 0 0 0 0 0 0 0 0 0 0 0 0 0 0 0 0 0 0 0 0 0 0 0 0 0 0 0 0 0 0 0 0 0 0 0 0 0 0 0 0 0 0 0 0 0 0 0 0 0 0 0 0 0 0 0 0 0 0 0 0 0 0 0 0 0 0 0 0 0 0 0 0 0 0 0 0 0 0 0 0 0 0 0 0 0 0 0 0 0 0 0 0 0 0 0 0 0 0 0 0 0 0 0 0 0 0 0 0 0 0 0 0 0 0 0 0 0 0 0 0 0 0 0 0 0 0 0 0 0 0 0 0 0 0 0 0 0 0 0 0 0 0 0 0 0 0 0 0 0 0 0 0 0 0 0 0 0 0 0 0 0 0 0 0 0 0 0 0 0 0 0 0 0 0 0 0 0 0 0 0 0 0 0 0 0 0 0 0 0 0 0 0 
0 0 0 0 0 0 0 0 0 0 0 0 0 0 0 0 0 0 0 0 0 0 0 0 0 0 0 0 0 0 0 0 0 0 0 0 0 0 0 0 0 0 0 0 0 0 0 0 0 0 0 0 0 0 0 0 0 0 0 0 0 0 0 0 0 0 0 0 0 0 0 0 0 0 0 0 0 0 0 0 0 0 0 0 0 0 0 0 0 0 0 0 0 0 0 0 0 0 0 0 0 0 0 0 0 0 0 0 0 0 0 0 0 0 0 0 0 0 0 0 0 0 0 0 0 0 0 0 0 0 0 0 0 0 0 0 0 0 0 0 0 0 0 0 0 0 0 0 0 0 0 0 0 0 0 0 0 0 0 0 0 0 0 0 0 0 0 0 0 0 0 0 0 0 0 0 0 0 0 0 0 0 0 0 0 0 0 0 0 0 0 0 0 0 0 0 0 0 0 0 
0 0 0 0 0 0 0 0 0 0 0 0 0 0 0 0 0 0 0 0 0 0 0 0 0 0 0 0 0 0 0 0 0 0 0 0 0 0 0 0 0 0 0 0 0 0 0 0 0 0 0 0 0 0 0 0 0 0 0 0 0 0 0 0 0 0 0 0 0 0 0 0 0 0 0 0 0 0 0 0 0 0 0 0 0 0 0 0 0 0 0 0 0 0 0 0 0 0 0 0 0 0 0 0 0 0 0 0 0 0 0 0 0 0 0 0 0 0 0 0 0 0 0 0 0 0 0 0 0 0 0 0 0 0 0 0 0 0 0 0 0 0 0 0 0 0 0 0 0 0 0 0 0 0 0 0 0 0 0 0 0 0 0 0 0 0 0 0 0 0 0 0 0 0 0 0 0 0 0 0 0 0 0 0 0 0 0 0 0 0 0 0 0 0 0 0 0 0 0 0 
0 0 0 0 0 0 0 0 0 0 0 0 0 0 0 0 0 0 0 0 0 0 0 0 0 0 0 0 0 0 0 0 0 0 0 0 0 0 0 0 0 0 0 0 0 0 0 0 0 0 0 0 0 0 0 0 0 0 0 0 0 0 0 0 0 0 0 0 0 0 0 0 0 0 0 0 0 0 0 0 0 0 0 0 0 0 0 0 0 0 0 0 0 0 0 0 0 0 0 0 0 0 0 0 0 0 0 0 0 0 0 0 0 0 0 0 0 0 0 0 0 0 0 0 0 0 0 0 0 0 0 0 0 0 0 0 0 0 0 0 0 0 0 0 0 0 0 0 0 0 0 0 0 0 0 0 0 0 0 0 0 0 0 0 0 0 0 0 0 0 0 0 0 0 0 0 0 0 0 0 0 0 0 0 0 0 0 0 0 0 0 0 0 0 0 0 0 0 0 0 
0 0 0 0 0 0 0 0 0 0 0 0 0 0 0 0 0 0 0 0 0 0 0 0 0 0 0 0 0 0 0 0 0 0 0 0 0 0 0 0 0 0 0 0 0 0 0 0 0 0 0 0 0 0 0 0 0 0 0 0 0 0 0 0 0 0 0 0 0 0 0 0 0 0 0 0 0 0 0 0 0 0 0 0 0 0 0 0 0 0 0 0 0 0 0 0 0 0 0 0 0 0 0 0 0 0 0 0 0 0 0 0 0 0 0 0 0 0 0 0 0 0 0 0 0 0 0 0 0 0 0 0 0 0 0 0 0 0 0 0 0 0 0 0 0 0 0 0 0 0 0 0 0 0 0 0 0 0 0 0 0 0 0 0 0 0 0 0 0 0 0 0 0 0 0 0 0 0 0 0 0 0 0 0 0 0 0 0 0 0 0 0 0 0 0 0 0 0 0 0 
0 0 0 0 0 0 0 0 0 0 0 0 0 0 0 0 0 0 0 0 0 0 0 0 0 0 0 0 0 0 0 0 0 0 0 0 0 0 0 0 0 0 0 0 0 0 0 0 0 0 0 0 0 0 0 0 0 0 0 0 0 0 0 0 0 0 0 0 0 0 0 0 0 0 0 0 0 0 0 0 0 0 0 0 0 0 0 0 0 0 0 0 0 0 0 0 0 0 0 0 0 0 0 0 0 0 0 0 0 0 0 0 0 0 0 0 0 0 0 0 0 0 0 0 0 0 0 0 0 0 0 0 0 0 0 0 0 0 0 0 0 0 0 0 0 0 0 0 0 0 0 0 0 0 0 0 0 0 0 0 0 0 0 0 0 0 0 0 0 0 0 0 0 0 0 0 0 0 0 0 0 0 0 0 0 0 0 0 0 0 0 0 0 0 0 0 0 0 0 0 
0 0 0 0 0 0 0 0 0 0 0 0 0 0 0 0 0 0 0 0 0 0 0 0 0 0 0 0 0 0 0 0 0 0 0 0 0 0 0 0 0 0 0 0 0 0 0 0 0 0 0 0 0 0 0 0 0 0 0 0 0 0 0 0 0 0 0 0 0 0 0 0 0 0 0 0 0 0 0 0 0 0 0 0 0 0 0 0 0 0 0 0 0 0 0 0 0 0 0 0 0 0 0 0 0 0 0 0 0 0 0 0 0 0 0 0 0 0 0 0 0 0 0 0 0 0 0 0 0 0 0 0 0 0 0 0 0 0 0 0 0 0 0 0 0 0 0 0 0 0 0 0 0 0 0 0 0 0 0 0 0 0 0 0 0 0 0 0 0 0 0 0 0 0 0 0 0 0 0 0 0 0 0 0 0 0 0 0 0 0 0 0 0 0 0 0 0 0 0 0 
0 0 0 0 0 0 0 0 0 0 0 0 0 0 0 0 0 0 0 0 0 0 0 0 0 0 0 0 0 0 0 0 0 0 0 0 0 0 0 0 0 0 0 0 0 0 0 0 0 0 0 0 0 0 0 0 0 0 0 0 0 0 0 0 0 0 0 0 0 0 0 0 0 0 0 0 0 0 0 0 0 0 0 0 0 0 0 0 0 0 0 0 0 0 0 0 0 0 0 0 0 0 0 0 0 0 0 0 0 0 0 0 0 0 0 0 0 0 0 0 0 0 0 0 0 0 0 0 0 0 0 0 0 0 0 0 0 0 0 0 0 0 0 0 0 0 0 0 0 0 0 0 0 0 0 0 0 0 0 0 0 0 0 0 0 0 0 0 0 0 0 0 0 0 0 0 0 0 0 0 0 0 0 0 0 0 0 0 0 0 0 0 0 0 0 0 0 0 0 0 
0 0 0 0 0 0 0 0 0 0 0 0 0 0 0 0 0 0 0 0 0 0 0 0 0 0 0 0 0 0 0 0 0 0 0 0 0 0 0 0 0 0 0 0 0 0 0 0 0 0 0 0 0 0 0 0 0 0 0 0 0 0 0 0 0 0 0 0 0 0 0 0 0 0 0 0 0 0 0 0 0 0 0 0 0 0 0 0 0 0 0 0 0 0 2 2 0 0 0 8 0 0 0 0 0 0 2 2 0 2 0 0 0 0 0 0 0 0 0 0 0 0 0 0 0 0 0 0 0 0 0 0 0 0 0 0 0 0 0 0 0 0 0 0 0 0 0 0 0 0 0 0 0 0 0 0 0 0 0 0 0 0 0 0 0 0 0 0 0 0 0 0 0 0 0 0 0 0 0 0 0 0 0 0 0 0 0 0 0 0 0 0 0 0 0 0 0 0 0 0 
0 0 0 0 0 0 0 0 0 0 0 0 0 0 0 0 0 0 0 0 0 0 0 0 0 0 0 0 0 0 0 0 0 0 0 0 0 0 0 0 0 0 0 0 0 0 0 0 0 0 0 0 0 0 0 0 0 0 0 0 0 0 0 0 0 0 0 0 0 0 2 2 0 0 0 0 0 0 0 0 0 0 0 8 0 0 0 8 0 0 0 2 2 2 6 2 8 2 0 2 0 0 0 0 0 2 2 2 2 2 2 0 0 0 0 0 0 0 0 0 0 0 0 0 0 0 0 0 0 0 0 0 0 0 0 0 0 0 0 0 0 0 0 0 0 0 0 0 0 0 0 0 0 0 0 0 0 0 0 0 0 0 0 0 0 0 0 0 0 0 0 0 0 0 0 0 0 0 0 0 0 0 0 0 0 0 0 0 0 0 0 0 0 0 0 0 0 0 0 0 
2 2 2 2 8 0 2 8 0 0 0 0 0 2 2 8 2 2 8 0 0 8 2 2 2 2 8 0 0 8 0 0 0 0 0 2 2 8 2 2 8 0 0 2 2 2 2 2 2 8 0 0 8 0 0 0 0 0 2 2 8 2 2 8 0 0 2 6 2 2 2 2 2 8 0 2 2 0 0 0 0 2 2 2 2 2 2 2 0 0 6 6 2 2 6 6 6 2 2 2 2 2 2 2 2 2 2 2 2 2 2 2 2 0 0 0 0 0 0 0 0 0 0 0 0 0 0 0 0 0 0 0 0 0 0 0 0 0 0 0 0 0 0 0 0 0 0 0 0 0 0 0 0 0 0 0 0 0 0 0 0 0 0 0 0 0 0 0 0 0 0 0 0 0 0 0 0 0 0 0 0 0 0 0 0 0 0 0 0 0 0 0 0 0 0 0 0 0 0 0 
2 2 2 2 8 2 2 2 2 2 2 2 8 2 2 2 2 2 2 2 2 6 6 2 2 2 8 2 2 2 2 2 2 2 2 8 2 2 2 2 2 2 2 2 6 2 2 2 2 8 2 2 2 2 2 2 2 2 8 2 2 2 2 2 2 2 2 6 2 2 2 2 6 6 2 2 2 6 6 2 2 8 2 2 2 2 2 2 2 2 2 2 2 2 6 6 6 6 2 2 2 6 2 2 2 6 2 2 2 2 2 6 8 2 0 0 0 0 0 0 0 0 0 0 0 0 0 0 0 0 0 0 0 0 0 0 0 0 0 0 0 0 0 0 0 0 0 0 0 0 0 0 0 0 0 0 0 0 0 0 0 0 0 0 0 0 0 0 0 0 0 0 0 0 0 0 0 0 0 0 0 0 0 0 0 0 0 0 0 0 0 0 0 0 0 0 0 0 0 0 
2 2 6 6 6 6 2 2 6 6 2 2 2 6 2 2 8 2 2 6 2 2 2 2 2 6 6 6 2 2 6 6 2 2 2 6 2 2 2 2 2 6 2 2 2 2 2 2 6 6 6 2 2 6 6 2 2 2 6 2 2 2 2 2 6 2 2 2 2 2 2 6 6 6 6 2 2 6 2 2 2 2 6 2 2 2 2 2 10 2 2 8 2 0 2 6 6 2 2 6 6 2 2 0 2 2 6 2 2 2 2 2 2 2 0 0 0 0 0 0 0 0 0 0 0 0 0 0 0 0 0 0 0 0 0 0 0 0 0 0 0 0 0 0 0 0 0 0 0 0 0 0 0 0 0 0 0 0 0 0 0 0 0 0 0 0 0 0 0 0 0 0 0 0 0 0 0 0 0 0 0 0 0 0 0 0 0 0 0 0 0 0 0 0 0 0 0 0 0 0 
2 2 2 6 6 6 2 2 6 2 2 2 2 6 6 2 2 6 2 10 2 2 8 2 2 6 6 6 2 2 6 2 2 2 2 6 6 2 2 6 2 2 2 2 8 0 2 2 6 6 6 2 2 6 2 2 2 2 6 6 2 2 6 2 2 2 2 8 0 0 2 2 6 2 2 2 6 6 2 2 0 2 2 2 2 6 2 2 2 2 0 0 0 8 8 4 8 0 2 6 2 2 8 8 0 2 2 2 2 2 2 2 2 0 0 0 0 0 0 0 0 0 0 0 0 0 0 0 0 0 0 0 0 0 0 0 0 0 0 0 0 0 0 0 0 0 0 0 0 0 0 0 0 0 0 0 0 0 0 0 0 0 0 0 0 0 0 0 0 0 0 0 0 0 0 0 0 0 0 0 0 0 0 0 0 0 0 0 0 0 0 0 0 0 0 0 0 0 0 0 
0 0 2 8 2 2 2 6 2 2 2 0 0 2 2 2 2 2 2 2 8 8 0 0 2 8 2 2 2 6 2 2 2 0 0 2 2 2 2 2 2 2 8 8 0 0 0 2 8 2 2 2 6 2 2 2 0 0 2 2 2 2 2 2 2 8 8 0 0 0 8 4 8 2 2 2 6 2 0 8 8 0 2 2 2 2 0 2 0 8 4 0 0 4 4 4 4 8 2 2 2 4 12 4 4 4 0 2 2 2 2 2 0 0 0 0 0 0 0 0 0 0 0 0 0 0 0 0 0 0 0 0 0 0 0 0 0 0 0 0 0 0 0 0 0 0 0 0 0 0 0 0 0 0 0 0 0 0 0 0 0 0 0 0 0 0 0 0 0 0 0 0 0 0 0 0 0 0 0 0 0 0 0 0 0 0 0 0 0 0 0 0 0 0 0 0 0 0 0 0 
8 6 4 4 8 0 2 2 0 0 4 8 4 4 0 2 2 0 0 0 4 4 4 4 4 4 8 0 2 2 2 0 4 8 4 4 0 2 2 0 0 0 4 4 4 4 4 4 4 8 0 2 2 2 0 4 8 4 4 0 2 2 0 0 0 4 4 4 0 4 6 4 4 8 2 2 2 0 0 4 4 4 4 0 2 2 4 4 4 4 4 4 4 0 0 4 4 4 4 0 4 4 4 4 4 4 4 8 0 0 0 0 0 0 0 0 0 0 0 0 0 0 0 0 0 0 0 0 0 0 0 0 0 0 0 0 0 0 0 0 0 0 0 0 0 0 0 0 0 0 0 0 0 0 0 0 0 0 0 0 0 0 0 0 0 0 0 0 0 0 0 0 0 0 0 0 0 0 0 0 0 0 0 0 0 0 0 0 0 0 0 0 0 0 0 0 0 0 0 0 
4 6 4 4 4 8 2 2 4 4 4 4 4 4 4 2 8 4 4 0 4 4 4 4 4 4 4 6 2 2 4 4 4 4 4 4 4 2 2 4 4 0 4 4 4 4 4 4 4 4 6 2 2 4 4 4 4 4 4 4 2 2 4 4 0 4 4 4 4 4 4 4 4 4 8 0 6 4 4 4 4 4 4 8 0 6 4 0 4 4 4 4 4 4 4 0 0 4 4 4 4 4 0 4 4 4 4 4 0 0 0 0 0 0 0 0 0 0 0 0 0 0 0 0 0 0 0 0 0 0 0 0 0 0 0 0 0 0 0 0 0 0 0 0 0 0 0 0 0 0 0 0 0 0 0 0 0 0 0 0 0 0 0 0 0 0 0 0 0 0 0 0 0 0 0 0 0 0 0 0 0 0 0 0 0 0 0 0 0 0 0 0 0 0 0 0 0 0 0 0 
4 4 4 4 4 4 4 6 6 4 4 4 6 4 4 4 6 6 4 4 4 4 4 4 4 4 4 4 4 6 6 4 4 4 6 4 4 4 4 6 4 4 4 4 4 4 4 4 4 4 4 4 6 6 4 4 4 6 4 4 4 4 6 4 4 4 4 4 4 4 4 4 4 4 4 4 6 6 4 4 6 6 4 4 4 6 6 4 12 4 4 6 4 4 6 4 0 0 0 4 4 4 4 4 4 4 4 4 0 0 0 0 0 0 0 0 0 0 0 0 0 0 0 0 0 0 0 0 0 0 0 0 0 0 0 0 0 0 0 0 0 0 0 0 0 0 0 0 0 0 0 0 0 0 0 0 0 0 0 0 0 0 0 0 0 0 0 0 0 0 0 0 0 0 0 0 0 0 0 0 0 0 0 0 0 0 0 0 0 0 0 0 0 0 0 0 0 0 0 0 
4 4 4 4 4 4 4 4 6 4 4 4 4 4 4 4 4 6 6 4 4 4 4 4 4 4 4 4 4 4 6 4 4 4 4 4 4 4 4 6 6 4 4 4 6 4 4 4 4 4 4 4 4 6 4 4 4 4 4 4 4 4 6 6 4 4 4 4 4 4 4 4 4 4 4 4 4 6 4 4 4 4 4 4 4 4 6 6 4 4 4 6 6 6 6 4 0 0 0 0 4 4 4 4 4 4 0 4 0 0 0 0 0 0 0 0 0 0 0 0 0 0 0 0 0 0 0 0 0 0 0 0 0 0 0 0 0 0 0 0 0 0 0 0 0 0 0 0 0 0 0 0 0 0 0 0 0 0 0 0 0 0 0 0 0 0 0 0 0 0 0 0 0 0 0 0 0 0 0 0 0 0 0 0 0 0 0 0 0 0 0 0 0 0 0 0 0 0 0 0 
4 4 4 4 4 0 0 4 4 4 0 4 4 4 4 4 4 6 6 4 4 4 6 6 4 4 4 0 0 4 4 4 0 4 4 4 4 4 4 6 6 4 4 4 6 6 4 4 4 4 0 0 4 4 4 0 4 4 4 4 4 4 6 6 4 4 4 6 6 4 4 4 4 0 0 4 4 4 0 0 4 6 6 6 4 4 6 6 4 4 6 6 6 4 4 0 4 4 4 4 4 4 4 4 0 0 0 4 0 4 0 0 0 0 0 0 0 0 0 0 0 0 0 0 0 0 0 0 0 0 0 0 0 0 0 0 0 0 0 0 0 0 0 0 0 0 0 0 0 0 0 0 0 0 0 0 0 0 0 0 0 0 0 0 0 0 0 0 0 0 0 0 0 0 0 0 0 0 0 0 0 0 0 0 0 0 0 0 0 0 0 0 0 0 0 0 0 0 0 0 
4 4 4 4 0 4 4 4 4 0 0 12 6 6 6 6 6 6 6 4 6 6 6 6 4 4 0 0 4 4 4 0 0 4 6 6 6 6 6 6 6 4 6 6 6 6 4 4 4 0 0 4 4 4 0 0 4 6 6 6 6 6 6 6 6 6 6 6 6 4 4 4 0 0 4 4 4 4 4 4 12 4 4 6 6 6 4 4 6 6 6 6 4 0 4 4 0 4 4 4 4 4 4 4 0 0 0 4 4 4 0 0 0 0 0 0 0 0 0 0 0 0 0 0 0 0 0 0 0 0 0 0 0 0 0 0 0 0 0 0 0 0 0 0 0 0 0 0 0 0 0 0 0 0 0 0 0 0 0 0 0 0 0 0 0 0 0 0 0 0 0 0 0 0 0 0 0 0 0 0 0 0 0 0 0 0 0 0 0 0 0 0 0 0 0 0 0 0 0 0 
4 4 4 0 0 4 4 4 4 4 4 4 4 4 4 6 6 4 4 6 6 6 6 4 4 4 0 4 4 4 4 4 4 4 4 4 4 6 6 4 4 6 6 6 6 4 4 4 4 0 4 4 4 4 4 4 4 4 4 4 6 6 4 4 6 6 6 6 4 4 4 4 4 0 0 0 4 4 4 4 4 4 4 4 6 6 4 6 6 4 4 4 4 4 4 4 0 4 4 4 6 6 4 0 0 0 0 4 4 0 0 0 0 0 0 0 0 0 0 0 0 0 0 0 0 0 0 0 0 0 0 0 0 0 0 0 0 0 0 0 0 0 0 0 0 0 0 0 0 0 0 0 0 0 0 0 0 0 0 0 0 0 0 0 0 0 0 0 0 0 0 0 0 0 0 0 0 0 0 0 0 0 0 0 0 0 0 0 0 0 0 0 0 0 0 0 0 0 0 0 
0 4 4 4 0 0 0 4 4 4 4 4 4 6 4 6 6 6 6 4 4 4 4 4 4 4 0 0 0 4 4 4 4 4 4 6 4 6 6 6 6 4 4 4 4 4 4 4 4 4 0 0 4 4 4 4 4 4 6 4 6 6 6 6 4 4 4 4 4 4 4 4 4 0 0 4 4 4 4 4 4 6 6 6 6 6 6 6 4 4 4 4 4 4 4 0 4 4 4 4 4 4 4 0 0 4 0 0 4 0 0 0 0 0 0 0 0 0 0 0 0 0 0 0 0 0 0 0 0 0 0 0 0 0 0 0 0 0 0 0 0 0 0 0 0 0 0 0 0 0 0 0 0 0 0 0 0 0 0 0 0 0 0 0 0 0 0 0 0 0 0 0 0 0 0 0 0 0 0 0 0 0 0 0 0 0 0 0 0 0 0 0 0 0 0 0 0 0 0 0 
0 0 0 4 0 4 4 6 6 4 0 6 6 6 6 6 6 6 6 4 4 4 4 4 4 4 0 0 4 6 6 4 0 4 6 6 6 6 6 6 6 4 4 4 4 4 4 0 4 4 0 4 6 6 4 0 4 6 6 6 6 6 6 6 4 4 4 4 4 4 0 4 4 0 4 6 6 6 4 4 6 6 6 6 6 6 6 6 4 4 4 4 4 4 0 4 0 0 4 4 4 4 6 4 0 4 4 4 4 0 0 0 0 0 0 0 0 0 0 0 0 0 0 0 0 0 0 0 0 0 0 0 0 0 0 0 0 0 0 0 0 0 0 0 0 0 0 0 0 0 0 0 0 0 0 0 0 0 0 0 0 0 0 0 0 0 0 0 0 0 0 0 0 0 0 0 0 0 0 0 0 0 0 0 0 0 0 0 0 0 0 0 0 0 0 0 0 0 0 0 
0 4 4 4 0 4 6 6 6 4 4 4 6 6 6 6 6 6 6 6 6 4 4 4 4 4 0 4 6 6 6 4 4 4 6 6 6 6 6 6 6 6 6 4 4 4 4 4 4 0 4 6 6 6 4 4 4 6 6 6 6 6 4 6 6 4 4 4 4 4 4 4 4 4 4 6 6 6 4 4 4 4 6 6 6 6 6 6 6 6 4 4 4 4 0 4 4 4 4 4 4 4 6 4 0 4 4 0 0 0 0 0 0 0 0 0 0 0 0 0 0 0 0 0 0 0 0 0 0 0 0 0 0 0 0 0 0 0 0 0 0 0 0 0 0 0 0 0 0 0 0 0 0 0 0 0 0 0 0 0 0 0 0 0 0 0 0 0 0 0 0 0 0 0 0 0 0 0 0 0 0 0 0 0 0 0 0 0 0 0 0 0 0 0 0 0 0 0 0 0 
4 4 4 4 4 4 6 6 6 4 4 4 4 4 6 6 6 6 6 6 6 6 4 4 4 4 4 4 6 6 6 4 4 4 4 4 6 6 6 6 6 6 6 6 4 4 4 4 4 4 4 6 6 6 4 4 4 4 4 6 6 6 6 6 6 6 6 4 4 4 4 4 6 6 6 6 6 6 4 4 4 4 4 6 6 6 6 6 6 6 4 4 4 4 4 4 4 4 4 0 0 0 8 0 0 4 4 0 0 0 0 0 0 0 0 0 0 0 0 0 0 0 0 0 0 0 0 0 0 0 0 0 0 0 0 0 0 0 0 0 0 0 0 0 0 0 0 0 0 0 0 0 0 0 0 0 0 0 0 0 0 0 0 0 0 0 0 0 0 0 0 0 0 0 0 0 0 0 0 0 0 0 0 0 0 0 0 0 0 0 0 0 0 0 0 0 0 0 0 0 
0 4 4 6 6 6 6 6 6 6 4 4 4 4 4 4 6 6 6 6 6 4 4 4 4 6 6 6 6 4 6 6 4 4 4 4 4 4 6 6 6 6 6 4 4 4 4 4 6 6 6 6 4 6 6 4 4 4 4 4 4 6 6 6 6 6 4 4 4 4 4 6 6 6 6 6 6 6 4 4 4 4 4 4 6 6 6 6 6 4 4 4 4 4 4 0 4 0 0 0 0 0 2 0 0 4 0 8 0 0 0 0 0 0 0 0 0 0 0 0 0 0 0 0 0 0 0 0 0 0 0 0 0 0 0 0 0 0 0 0 0 0 0 0 0 0 0 0 0 0 0 0 0 0 0 0 0 0 0 0 0 0 0 0 0 0 0 0 0 0 0 0 0 0 0 0 0 0 0 0 0 0 0 0 0 0 0 0 0 0 0 0 0 0 0 0 0 0 0 0 
4 0 4 6 6 6 6 6 4 4 4 4 4 4 4 4 6 6 6 6 4 4 4 4 4 4 6 6 6 6 4 4 4 4 4 4 4 4 6 6 6 6 4 4 4 4 4 4 4 6 6 6 6 4 4 4 4 4 4 4 4 6 6 6 6 6 4 4 4 0 0 4 4 6 6 6 6 4 4 4 4 4 4 4 4 6 6 6 6 4 4 4 4 4 4 0 0 0 0 0 0 0 0 0 4 0 0 0 8 2 0 0 0 0 0 0 0 0 0 0 0 0 0 0 0 0 0 0 0 0 0 0 0 0 0 0 0 0 0 0 0 0 0 0 0 0 0 0 0 0 0 0 0 0 0 0 0 0 0 0 0 0 0 0 0 0 0 0 0 0 0 0 0 0 0 0 0 0 0 0 0 0 0 0 0 0 0 0 0 0 0 0 0 0 0 0 0 0 0 0 
4 0 0 0 4 4 6 6 4 4 4 4 4 0 0 4 4 6 6 6 4 4 4 4 4 0 4 4 6 6 4 4 4 4 4 0 0 4 4 6 6 6 4 4 4 4 4 0 0 4 4 6 6 4 4 4 4 4 4 0 4 4 6 6 6 6 4 4 4 4 4 0 0 4 4 6 6 4 4 4 4 4 0 4 4 4 6 6 6 4 4 6 6 4 4 0 2 8 0 0 0 0 0 0 0 0 0 2 8 2 0 0 0 0 0 0 0 0 0 0 0 0 0 0 0 0 0 0 0 0 0 0 0 0 0 0 0 0 0 0 0 0 0 0 0 0 0 0 0 0 0 0 0 0 0 0 0 0 0 0 0 0 0 0 0 0 0 0 0 0 0 0 0 0 0 0 0 0 0 0 0 0 0 0 0 0 0 0 0 0 0 0 0 0 0 0 0 0 0 0 
4 4 4 0 0 0 4 4 4 4 4 4 4 4 0 4 4 4 4 6 4 4 4 4 4 0 0 0 4 6 4 4 4 4 4 4 0 4 4 4 4 6 4 4 4 4 4 4 0 0 0 4 6 4 4 4 4 4 4 0 4 4 4 4 6 4 4 4 4 4 4 4 0 0 0 4 4 4 4 4 4 4 4 0 4 4 4 6 4 4 6 6 4 4 0 0 8 4 4 4 0 0 0 0 0 0 0 2 0 0 0 0 0 0 0 0 0 0 0 0 0 0 0 0 0 0 0 0 0 0 0 0 0 0 0 0 0 0 0 0 0 0 0 0 0 0 0 0 0 0 0 0 0 0 0 0 0 0 0 0 0 0 0 0 0 0 0 0 0 0 0 0 0 0 0 0 0 0 0 0 0 0 0 0 0 0 0 0 0 0 0 0 0 0 0 0 0 0 0 0 
4 4 4 4 0 4 4 4 4 4 4 4 4 4 4 0 4 4 4 4 4 4 4 4 4 4 0 4 4 4 4 4 4 4 4 4 4 0 4 4 4 4 4 4 4 4 4 4 4 0 4 4 4 4 4 4 4 4 4 4 0 4 4 4 4 4 6 6 4 4 4 4 4 4 4 0 0 4 4 4 4 4 4 0 0 4 4 4 4 4 4 0 0 0 0 0 0 0 4 4 4 0 0 0 0 0 0 0 0 0 0 0 0 0 0 0 0 0 0 0 0 0 0 0 0 0 0 0 0 0 0 0 0 0 0 0 0 0 0 0 0 0 0 0 0 0 0 0 0 0 0 0 0 0 0 0 0 0 0 0 0 0 0 0 0 0 0 0 0 0 0 0 0 0 0 0 0 0 0 0 0 0 0 0 0 0 0 0 0 0 0 0 0 0 0 0 0 0 0 0 
4 4 4 4 4 4 4 4 4 4 4 4 4 4 4 4 4 6 6 4 4 4 4 4 4 4 4 4 4 4 4 4 4 4 4 4 4 4 4 6 6 4 4 4 4 4 4 4 4 4 4 4 4 4 4 4 4 4 4 4 4 4 6 6 4 4 4 4 4 4 4 6 6 6 0 0 0 0 4 0 4 4 0 0 4 4 4 4 4 0 0 0 0 0 0 2 0 0 4 4 4 4 0 0 0 0 0 0 0 0 0 0 0 0 0 0 0 0 0 0 0 0 0 0 0 0 0 0 0 0 0 0 0 0 0 0 0 0 0 0 0 0 0 0 0 0 0 0 0 0 0 0 0 0 0 0 0 0 0 0 0 0 0 0 0 0 0 0 0 0 0 0 0 0 0 0 0 0 0 0 0 0 0 0 0 0 0 0 0 0 0 0 0 0 0 0 0 0 0 0 
4 4 4 4 4 0 0 4 4 4 0 4 4 6 4 4 4 6 6 4 4 4 6 6 4 4 4 0 0 4 4 4 0 4 4 6 4 4 4 6 6 4 4 4 6 6 4 4 4 4 0 0 4 4 4 0 4 4 6 4 4 4 6 6 4 4 4 6 6 6 6 6 6 4 4 0 4 0 0 0 4 0 0 4 4 4 4 4 0 0 4 0 0 0 0 2 0 0 4 4 0 8 0 0 0 0 0 0 0 0 0 0 0 0 0 0 0 0 0 0 0 0 0 0 0 0 0 0 0 0 0 0 0 0 0 0 0 0 0 0 0 0 0 0 0 0 0 0 0 0 0 0 0 0 0 0 0 0 0 0 0 0 0 0 0 0 0 0 0 0 0 0 0 0 0 0 0 0 0 0 0 0 0 0 0 0 0 0 0 0 0 0 0 0 0 0 0 0 0 0 
4 4 4 4 0 4 4 4 4 0 0 12 6 6 6 6 6 6 6 6 6 6 6 6 4 4 0 4 4 4 4 0 0 4 6 4 6 6 6 6 6 6 6 6 6 6 4 4 4 0 0 4 4 4 4 0 4 6 4 6 6 6 6 6 6 6 6 6 6 6 6 6 4 4 4 0 0 4 0 0 4 0 4 4 4 0 8 0 0 0 0 0 0 0 0 0 0 0 0 4 4 0 0 0 0 0 0 0 0 0 0 0 0 0 0 0 0 0 0 0 0 0 0 0 0 0 0 0 0 0 0 0 0 0 0 0 0 0 0 0 0 0 0 0 0 0 0 0 0 0 0 0 0 0 0 0 0 0 0 0 0 0 0 0 0 0 0 0 0 0 0 0 0 0 0 0 0 0 0 0 0 0 0 0 0 0 0 0 0 0 0 0 0 0 0 0 0 0 0 0 
0 4 4 0 0 4 4 4 4 4 12 4 4 4 4 6 6 4 4 6 6 6 6 4 4 4 0 4 4 4 4 4 4 4 4 4 4 6 6 4 4 6 6 6 6 4 4 4 4 0 4 4 4 4 4 4 4 4 4 4 6 6 4 4 6 6 6 6 4 4 6 4 4 6 4 4 4 0 4 0 0 0 0 0 0 0 0 0 0 0 0 0 0 0 0 0 0 2 2 0 4 0 0 0 0 0 0 0 0 0 0 0 0 0 0 0 0 0 0 0 0 0 0 0 0 0 0 0 0 0 0 0 0 0 0 0 0 0 0 0 0 0 0 0 0 0 0 0 0 0 0 0 0 0 0 0 0 0 0 0 0 0 0 0 0 0 0 0 0 0 0 0 0 0 0 0 0 0 0 0 0 0 0 0 0 0 0 0 0 0 0 0 0 0 0 0 0 0 0 0 
0 4 4 4 0 0 0 4 4 4 4 4 6 6 4 6 6 6 6 4 4 4 4 4 4 4 4 0 0 4 4 4 4 4 4 6 4 6 6 6 6 4 4 4 4 4 4 4 4 4 0 0 4 4 4 4 4 4 6 4 6 6 6 6 4 4 4 4 4 6 6 6 6 4 4 4 4 4 0 0 0 0 0 0 0 0 0 0 0 0 0 0 0 0 0 0 0 2 6 6 0 0 0 0 0 0 0 0 0 0 0 0 0 0 0 0 0 0 0 0 0 0 0 0 0 0 0 0 0 0 0 0 0 0 0 0 0 0 0 0 0 0 0 0 0 0 0 0 0 0 0 0 0 0 0 0 0 0 0 0 0 0 0 0 0 0 0 0 0 0 0 0 0 0 0 0 0 0 0 0 0 0 0 0 0 0 0 0 0 0 0 0 0 0 0 0 0 0 0 0 
0 0 4 4 0 4 4 6 6 4 0 6 6 6 6 6 6 6 6 4 4 4 4 4 4 4 0 4 4 6 6 4 0 4 6 6 6 6 6 6 6 4 4 4 4 4 0 0 4 0 0 4 6 6 4 0 4 6 6 6 6 6 6 6 4 4 4 4 4 6 6 6 6 6 4 4 4 4 4 0 0 0 0 0 0 0 0 0 0 0 0 0 0 0 0 0 0 0 6 2 0 0 0 0 0 0 0 0 0 0 0 0 0 0 0 0 0 0 0 0 0 0 0 0 0 0 0 0 0 0 0 0 0 0 0 0 0 0 0 0 0 0 0 0 0 0 0 0 0 0 0 0 0 0 0 0 0 0 0 0 0 0 0 0 0 0 0 0 0 0 0 0 0 0 0 0 0 0 0 0 0 0 0 0 0 0 0 0 0 0 0 0 0 0 0 0 0 0 0 0 
0 4 4 4 0 4 6 6 6 4 4 4 6 6 6 6 6 6 6 6 6 4 4 4 4 4 0 4 6 6 6 4 4 4 6 6 6 6 6 6 6 6 6 6 4 4 4 4 4 0 4 6 6 6 4 4 4 6 6 6 6 6 6 6 6 6 4 4 4 6 4 4 4 0 4 4 0 4 4 0 0 0 0 0 0 0 0 0 0 0 0 0 0 0 0 0 0 0 6 2 0 0 0 0 0 0 0 0 0 0 0 0 0 0 0 0 0 0 0 0 0 0 0 0 0 0 0 0 0 0 0 0 0 0 0 0 0 0 0 0 0 0 0 0 0 0 0 0 0 0 0 0 0 0 0 0 0 0 0 0 0 0 0 0 0 0 0 0 0 0 0 0 0 0 0 0 0 0 0 0 0 0 0 0 0 0 0 0 0 0 0 0 0 0 0 0 0 0 0 0 
4 4 4 4 4 4 6 6 6 4 4 4 4 4 6 6 6 6 6 6 6 6 4 4 4 4 4 4 6 6 6 4 4 4 4 4 6 6 6 6 6 6 6 6 4 4 4 4 4 4 4 6 6 6 4 4 4 4 4 6 6 6 6 6 6 6 6 4 4 4 4 4 4 4 4 4 0 0 0 0 0 0 0 0 0 0 0 0 0 0 0 0 0 0 0 0 0 0 6 2 0 0 0 0 0 0 0 0 0 0 0 0 0 0 0 0 0 0 0 0 0 0 0 0 0 0 0 0 0 0 0 0 0 0 0 0 0 0 0 0 0 0 0 0 0 0 0 0 0 0 0 0 0 0 0 0 0 0 0 0 0 0 0 0 0 0 0 0 0 0 0 0 0 0 0 0 0 0 0 0 0 0 0 0 0 0 0 0 0 0 0 0 0 0 0 0 0 0 0 0 
0 4 6 6 6 6 6 6 6 6 4 4 4 4 4 4 6 6 6 6 6 4 4 4 4 6 6 6 6 4 6 6 4 4 4 4 4 4 6 6 6 6 6 4 4 4 4 4 6 6 6 6 4 6 6 4 4 4 4 4 4 6 6 6 6 6 4 4 4 4 4 4 6 4 6 4 0 0 0 0 0 0 0 0 0 0 0 0 0 0 0 0 0 0 0 0 0 0 6 0 0 0 0 0 0 0 0 0 0 0 0 0 0 0 0 0 0 0 0 0 0 0 0 0 0 0 0 0 0 0 0 0 0 0 0 0 0 0 0 0 0 0 0 0 0 0 0 0 0 0 0 0 0 0 0 0 0 0 0 0 0 0 0 0 0 0 0 0 0 0 0 0 0 0 0 0 0 0 0 0 0 0 0 0 0 0 0 0 0 0 0 0 0 0 0 0 0 0 0 0 
4 0 4 4 6 6 6 6 4 4 4 4 4 4 4 4 6 6 6 6 4 4 4 4 4 4 6 6 6 6 4 4 4 4 4 4 4 4 6 6 6 6 4 4 4 4 0 4 4 6 6 6 6 4 4 4 4 4 4 4 4 6 6 6 6 6 4 4 4 6 6 4 4 4 6 4 0 0 0 0 0 0 0 0 0 0 0 0 0 0 0 0 0 0 0 0 0 0 6 2 0 0 0 0 0 0 0 0 0 0 0 0 0 0 0 0 0 0 0 0 0 0 0 0 0 0 0 0 0 0 0 0 0 0 0 0 0 0 0 0 0 0 0 0 0 0 0 0 0 0 0 0 0 0 0 0 0 0 0 0 0 0 0 0 0 0 0 0 0 0 0 0 0 0 0 0 0 0 0 0 0 0 0 0 0 0 0 0 0 0 0 0 0 0 0 0 0 0 0 0 
4 0 0 0 4 4 6 6 4 4 4 4 4 0 0 4 4 6 6 6 4 4 4 4 4 0 4 4 6 6 4 4 4 4 4 4 0 4 4 6 6 6 4 4 4 4 4 0 0 4 4 6 6 4 4 4 4 4 4 0 4 4 6 6 6 4 4 4 4 4 4 4 6 4 4 4 0 0 0 0 0 0 0 0 0 0 0 0 0 0 0 0 0 0 0 0 0 0 8 2 0 0 0 0 0 0 0 0 0 0 0 0 0 0 0 0 0 0 0 0 0 0 0 0 0 0 0 0 0 0 0 0 0 0 0 0 0 0 0 0 0 0 0 0 0 0 0 0 0 0 0 0 0 0 0 0 0 0 0 0 0 0 0 0 0 0 0 0 0 0 0 0 0 0 0 0 0 0 0 0 0 0 0 0 0 0 0 0 0 0 0 0 0 0 0 0 0 0 0 0 
4 4 4 4 0 4 4 4 4 4 4 4 4 4 4 4 4 4 4 4 4 4 4 4 4 4 0 0 4 4 4 4 4 4 4 4 4 4 4 4 4 4 4 4 4 4 4 4 0 0 0 4 4 4 4 4 4 4 4 0 4 4 4 4 6 4 4 4 4 4 4 4 4 0 0 0 0 0 0 0 0 0 0 0 0 0 0 0 0 0 0 0 0 0 0 0 0 0 2 2 0 0 0 0 0 0 0 0 0 0 0 0 0 0 0 0 0 0 0 0 0 0 0 0 0 0 0 0 0 0 0 0 0 0 0 0 0 0 0 0 0 0 0 0 0 0 0 0 0 0 0 0 0 0 0 0 0 0 0 0 0 0 0 0 0 0 0 0 0 0 0 0 0 0 0 0 0 0 0 0 0 0 0 0 0 0 0 0 0 0 0 0 0 0 0 0 0 0 0 0 
4 4 4 4 4 4 4 4 4 4 4 4 4 4 4 4 4 6 4 4 4 4 4 4 4 4 4 4 4 4 4 4 4 4 4 4 4 4 6 6 4 4 4 4 6 4 4 4 0 0 0 4 4 4 4 4 4 4 4 0 4 4 4 4 6 4 4 6 6 4 4 0 0 0 0 0 0 4 0 0 0 0 0 0 0 0 0 0 0 0 0 0 0 0 0 0 0 0 2 0 0 0 0 0 0 0 0 0 0 0 0 0 0 0 0 0 0 0 0 0 0 0 0 0 0 0 0 0 0 0 0 0 0 0 0 0 0 0 0 0 0 0 0 0 0 0 0 0 0 0 0 0 0 0 0 0 0 0 0 0 0 0 0 0 0 0 0 0 0 0 0 0 0 0 0 0 0 0 0 0 0 0 0 0 0 0 0 0 0 0 0 0 0 0 0 0 0 0 0 0 
4 4 4 4 0 0 0 4 4 0 0 4 4 4 4 4 6 6 4 4 4 6 6 4 4 4 0 0 4 4 4 0 4 4 6 4 4 4 6 6 4 4 4 6 6 4 4 4 0 0 4 4 4 4 4 4 4 4 4 4 0 4 4 6 4 4 6 4 0 0 0 0 0 0 0 0 0 0 0 0 0 0 0 0 0 0 0 0 0 0 0 0 0 0 0 0 0 0 2 0 0 0 0 0 0 0 0 0 0 0 0 0 0 0 0 0 0 0 0 0 0 0 0 0 0 0 0 0 0 0 0 0 0 0 0 0 0 0 0 0 0 0 0 0 0 0 0 0 0 0 0 0 0 0 0 0 0 0 0 0 0 0 0 0 0 0 0 0 0 0 0 0 0 0 0 0 0 0 0 0 0 0 0 0 0 0 0 0 0 0 0 0 0 0 0 0 0 0 0 0 
4 4 4 4 0 0 4 4 4 0 0 4 6 6 6 4 6 6 4 4 6 6 6 4 4 0 0 4 4 4 0 0 4 6 6 6 4 4 6 6 4 6 6 6 6 4 4 4 4 4 4 0 0 0 4 0 0 4 4 0 4 4 4 4 4 4 4 0 0 0 0 0 0 0 0 0 0 0 0 0 0 0 0 0 0 0 0 0 0 0 0 0 0 0 0 0 0 0 0 0 0 0 0 0 0 0 0 0 0 0 0 0 0 0 0 0 0 0 0 0 0 0 0 0 0 0 0 0 0 0 0 0 0 0 0 0 0 0 0 0 0 0 0 0 0 0 0 0 0 0 0 0 0 0 0 0 0 0 0 0 0 0 0 0 0 0 0 0 0 0 0 0 0 0 0 0 0 0 0 0 0 0 0 0 0 0 0 0 0 0 0 0 0 0 0 0 0 0 0 0 
4 4 4 0 0 4 4 4 4 4 4 12 4 6 6 6 6 4 4 6 6 6 6 4 4 0 0 4 4 4 4 4 4 4 4 6 6 6 6 4 6 6 6 6 6 6 4 6 6 6 4 0 4 0 0 0 4 4 0 0 4 4 4 4 4 4 0 4 0 0 0 0 0 0 0 0 0 0 0 0 0 0 0 0 0 0 0 0 0 0 0 0 0 0 0 0 0 0 0 0 0 0 0 0 0 0 0 0 0 0 0 0 0 0 0 0 0 0 0 0 0 0 0 0 0 0 0 0 0 0 0 0 0 0 0 0 0 0 0 0 0 0 0 0 0 0 0 0 0 0 0 0 0 0 0 0 0 0 0 0 0 0 0 0 0 0 0 0 0 0 0 0 0 0 0 0 0 0 0 0 0 0 0 0 0 0 0 0 0 0 0 0 0 0 0 0 0 0 0 0 
0 4 4 0 0 4 4 4 4 4 4 4 4 4 6 6 6 4 6 6 6 6 4 4 4 0 0 4 4 4 4 4 4 4 4 4 6 6 4 4 6 6 6 4 4 6 6 6 4 4 4 0 0 4 0 0 4 4 0 4 4 4 8 0 0 0 0 4 0 0 0 0 0 0 0 0 0 0 0 0 0 0 0 0 0 0 0 0 0 0 0 0 0 0 0 0 0 0 0 0 0 0 0 0 0 0 0 0 0 0 0 0 0 0 0 0 0 0 0 0 0 0 0 0 0 0 0 0 0 0 0 0 0 0 0 0 0 0 0 0 0 0 0 0 0 0 0 0 0 0 0 0 0 0 0 0 0 0 0 0 0 0 0 0 0 0 0 0 0 0 0 0 0 0 0 0 0 0 0 0 0 0 0 0 0 0 0 0 0 0 0 0 0 0 0 0 0 0 0 0 
0 4 4 4 0 0 0 4 4 4 4 0 6 4 4 6 6 4 6 4 4 4 4 4 4 4 0 0 0 4 4 4 4 4 6 4 6 6 4 6 4 4 4 4 4 6 6 6 4 4 4 4 0 0 4 0 0 0 0 4 0 0 0 0 0 0 0 0 0 0 0 0 0 0 0 0 0 0 0 0 0 0 0 0 0 0 0 0 0 0 0 0 0 0 0 0 0 0 0 0 0 0 0 0 0 0 0 0 0 0 0 0 0 0 0 0 0 0 0 0 0 0 0 0 0 0 0 0 0 0 0 0 0 0 0 0 0 0 0 0 0 0 0 0 0 0 0 0 0 0 0 0 0 0 0 0 0 0 0 0 0 0 0 0 0 0 0 0 0 0 0 0 0 0 0 0 0 0 0 0 0 0 0 0 0 0 0 0 0 0 0 0 0 0 0 0 0 0 0 0 
4 4 0 4 0 0 4 4 4 0 4 4 6 6 6 6 6 6 4 4 4 4 4 4 4 4 0 0 4 4 4 0 4 6 6 6 6 6 6 6 4 4 4 4 4 6 6 4 4 6 4 4 4 0 0 0 0 0 0 0 0 0 0 0 0 0 0 0 0 0 0 0 0 0 0 0 0 0 0 0 0 0 0 0 0 0 0 0 0 0 0 0 0 0 0 0 0 0 0 0 0 0 0 0 0 0 0 0 0 0 0 0 0 0 0 0 0 0 0 0 0 0 0 0 0 0 0 0 0 0 0 0 0 0 0 0 0 0 0 0 0 0 0 0 0 0 0 0 0 0 0 0 0 0 0 0 0 0 0 0 0 0 0 0 0 0 0 0 0 0 0 0 0 0 0 0 0 0 0 0 0 0 0 0 0 0 0 0 0 0 0 0 0 0 0 0 0 0 0 0 
