200 100
---
5 5 5 5 5 5 5 5 5 5 5 5 5 5 5 5 5 5 5 0 0 0 0 0 0 0 0 0 0 0 0 0 0 0 0 0 0 0 7 7 5 5 5 5 5 5 5 8 7 7 7 7 8 5 5 7 12 5 5 5 8 8 5 5 5 5 8 8 7 7 7 5 5 0 0 0 5 5 7 7 7 7 7 5 5 5 5 5 5 0 0 5 5 8 5 13 13 5 0 0 0 0 0 0 0 0 0 0 0 0 0 0 0 0 0 0 0 0 0 0 0 0 0 0 0 0 0 0 0 0 0 5 0 13 13 13 13 13 13 13 13 13 13 13 13 13 13 13 13 13 13 13 13 13 13 13 13 13 13 13 13 13 13 13 13 13 13 13 13 13 13 13 13 13 13 5 0 0 0 0 5 5 5 5 5 5 5 5 5 5 5 5 5 5 5 5 5 5 5 5 
5 5 5 5 5 5 5 5 5 5 5 5 5 5 5 5 5 5 5 0 0 0 0 0 0 0 0 0 0 0 0 0 0 0 0 0 0 8 7 5 5 5 5 5 5 5 5 5 5 5 5 12 7 7 7 7 7 12 7 8 8 8 5 5 8 8 8 8 5 5 7 7 12 5 7 7 7 7 7 8 8 5 5 5 5 5 5 5 5 0 0 0 0 8 13 13 13 13 5 0 0 0 0 0 0 0 0 0 0 0 0 0 0 0 0 0 0 0 0 0 0 0 0 0 0 0 0 0 0 4 0 0 0 5 13 13 13 13 13 13 13 13 13 13 13 13 13 13 13 13 13 13 13 13 13 13 13 13 13 13 13 13 13 13 13 13 13 13 13 13 13 13 13 13 13 13 0 0 0 0 0 5 5 5 5 5 5 5 5 5 5 5 5 5 5 5 5 5 5 5 
5 5 5 5 5 5 5 5 5 5 5 5 5 5 5 5 5 5 5 0 0 0 0 0 0 0 0 0 0 0 0 0 0 0 0 0 7 7 5 5 5 5 5 5 5 5 5 5 5 5 5 5 5 5 5 5 5 5 13 7 7 7 7 12 5 5 5 5 5 5 5 7 7 7 7 5 5 5 5 5 5 5 5 5 5 5 5 5 5 0 0 0 0 8 13 13 13 13 13 5 0 0 0 0 0 0 0 0 0 0 0 0 0 0 0 0 0 0 0 0 0 0 0 0 0 0 0 0 0 0 0 0 0 0 0 13 13 13 13 13 13 13 13 13 13 13 13 13 13 13 13 13 13 13 13 13 13 13 13 13 13 13 13 13 13 13 13 13 13 13 13 13 13 13 13 13 5 0 0 0 0 5 5 5 5 5 5 5 5 5 5 5 5 5 5 5 5 5 5 5 
5 5 5 5 5 5 5 5 5 5 5 5 5 5 5 5 5 5 0 0 0 0 0 0 0 0 0 0 0 0 0 0 0 0 0 8 12 8 5 5 5 5 5 5 5 5 5 5 5 5 5 5 5 5 5 5 5 5 5 5 5 7 7 7 7 5 5 5 5 5 5 5 5 5 5 5 5 5 5 5 5 5 5 5 5 5 5 5 5 0 0 0 0 8 13 13 13 13 13 13 5 0 0 0 0 0 0 0 0 0 0 0 0 0 0 0 0 0 0 0 0 0 0 0 0 0 0 0 0 0 0 0 0 0 0 5 13 13 13 13 13 13 13 13 13 13 13 13 13 13 13 13 13 13 13 13 13 13 13 13 13 13 13 13 13 13 13 13 13 13 13 13 13 13 13 13 8 0 5 0 0 0 5 5 5 5 5 5 5 5 5 5 5 5 5 5 5 5 5 5 
5 5 5 5 5 5 5 5 5 5 5 5 5 5 5 5 5 5 0 0 0 0 0 0 0 0 0 0 0 0 0 0 0 0 8 7 5 5 5 5 5 5 5 5 5 5 5 5 5 5 5 5 5 5 5 5 5 5 5 5 5 5 5 8 7 5 5 5 5 5 5 5 5 5 5 5 5 5 5 5 5 5 5 5 5 5 5 5 5 0 0 0 0 12 13 13 13 13 13 13 13 13 5 0 0 5 5 5 5 5 5 5 5 5 5 5 5 5 5 5 5 5 13 13 5 5 5 0 0 0 0 0 0 0 0 0 5 13 13 13 13 13 13 13 13 13 13 13 13 13 13 13 13 13 13 13 13 13 13 13 13 13 13 13 13 13 13 13 13 13 13 13 13 13 13 13 5 0 5 5 5 0 5 5 5 5 5 5 5 5 5 5 5 5 5 5 5 5 5 5 
5 5 5 5 5 5 5 5 5 5 5 5 5 5 5 5 5 5 0 0 0 0 0 0 0 0 0 0 0 0 0 0 0 8 7 5 5 5 5 5 5 5 5 5 5 5 5 5 5 5 5 5 5 5 5 5 5 5 5 5 5 5 5 5 7 5 5 5 5 5 5 5 5 5 5 5 5 5 5 5 5 5 5 5 5 5 5 5 5 0 0 0 0 13 13 13 13 13 13 13 13 13 13 13 5 8 7 7 13 13 13 13 13 13 13 13 13 13 13 13 12 13 13 13 13 13 5 0 0 0 0 0 0 0 0 0 0 5 5 13 13 13 13 13 13 13 13 13 13 13 13 13 13 13 13 13 13 13 13 13 13 13 13 13 13 13 13 13 13 13 13 13 13 13 13 13 13 0 5 5 5 5 0 5 5 5 5 5 5 5 5 5 5 5 5 5 5 5 5 5 
5 5 5 5 5 5 5 5 5 5 5 5 5 5 5 5 5 5 0 0 0 0 0 0 0 0 0 0 0 0 0 0 7 7 5 5 5 5 5 5 5 5 5 5 5 5 5 5 5 5 5 5 5 5 5 5 5 5 5 5 5 5 5 5 7 5 5 5 5 5 5 5 5 5 5 5 5 5 5 5 5 5 5 5 5 5 5 5 5 0 0 0 5 13 13 13 13 13 13 13 13 13 13 13 13 13 5 5 13 13 13 13 13 13 13 13 13 13 13 13 13 13 13 13 13 13 13 5 0 0 0 0 0 0 0 0 0 0 5 13 13 13 13 13 13 13 13 13 13 13 13 13 13 13 13 13 13 13 13 13 13 13 13 13 13 13 13 13 13 13 13 13 13 13 13 13 13 5 0 5 5 5 0 0 5 5 5 5 5 5 5 5 5 5 5 5 5 5 5 5 
5 5 5 5 5 5 5 5 5 5 5 5 5 5 5 5 5 5 0 0 0 0 0 0 0 0 0 0 0 0 0 8 7 5 5 5 5 5 5 5 5 5 5 5 5 5 5 5 5 5 5 5 5 5 5 5 5 5 5 5 5 5 5 5 7 5 5 5 5 5 5 5 5 5 5 5 5 5 5 5 5 5 5 5 5 5 5 5 5 0 0 0 5 13 13 13 13 13 13 13 13 13 13 13 13 13 13 5 5 13 13 13 13 13 13 13 13 13 13 13 13 13 13 13 13 13 13 13 5 0 0 0 0 0 0 0 0 0 5 13 13 13 13 13 13 13 13 13 13 13 13 13 13 13 13 13 13 13 13 13 13 13 13 13 13 13 13 13 13 13 13 13 13 13 13 13 13 5 0 5 5 5 0 0 5 5 5 5 5 5 5 5 5 5 5 5 5 5 5 5 
5 5 5 5 5 5 5 5 5 5 5 5 5 5 5 5 5 0 0 0 0 0 0 0 0 0 0 0 0 0 8 7 5 5 5 5 5 5 5 5 5 5 5 5 5 5 5 5 5 5 5 5 5 5 5 5 5 5 5 5 5 5 5 5 7 5 5 5 5 5 5 5 5 5 5 5 5 5 5 5 5 5 5 5 5 5 5 5 5 0 0 0 13 13 13 13 13 13 13 13 13 13 13 13 13 13 13 13 13 5 0 8 13 13 13 13 13 13 13 13 13 13 13 13 13 13 13 13 13 5 0 0 0 0 0 0 0 5 5 5 13 13 13 13 13 13 13 13 13 13 13 13 13 13 13 13 13 13 13 13 13 13 13 13 13 13 13 13 13 13 13 13 13 13 13 13 13 13 0 5 5 5 0 0 0 5 5 5 5 5 5 5 5 5 5 5 5 5 5 5 
5 5 5 5 5 5 5 5 5 5 5 5 5 5 5 5 5 0 0 0 0 0 0 0 0 0 0 0 0 8 7 5 5 5 5 5 5 5 5 5 5 5 5 5 5 5 5 5 5 5 5 5 5 5 5 5 5 5 5 5 5 5 5 5 5 5 5 5 5 5 5 5 5 5 5 5 5 5 5 5 5 5 5 5 5 5 5 5 5 0 0 0 13 13 13 13 13 13 13 13 13 13 13 13 13 13 13 13 13 13 5 8 8 13 13 13 13 13 13 13 13 13 13 13 13 13 13 13 13 13 5 5 5 5 5 5 5 5 5 5 5 13 13 13 13 13 13 13 13 13 13 13 13 13 13 13 13 13 13 13 13 13 13 13 13 13 13 13 13 13 13 13 13 13 13 13 13 13 0 5 5 5 5 0 0 0 5 5 5 5 5 5 5 5 5 5 5 5 5 5 
5 5 5 5 5 5 5 5 5 5 5 5 5 5 5 5 5 0 0 0 0 0 0 0 0 0 0 0 8 0 7 5 5 5 5 5 5 5 5 5 5 5 5 5 5 5 5 5 5 5 5 5 5 5 5 5 5 5 5 5 5 5 5 5 5 7 5 5 5 5 5 5 5 5 5 5 5 5 5 5 5 5 5 5 5 5 5 5 5 0 0 0 13 13 13 13 13 13 13 13 13 13 13 13 13 13 13 13 13 13 13 13 5 0 5 13 13 13 13 13 13 13 13 13 13 13 13 13 13 13 13 5 0 0 0 0 0 0 0 0 5 13 13 13 13 13 13 13 13 13 13 13 13 13 13 13 13 13 13 13 13 13 13 13 13 13 13 13 13 13 13 13 13 13 13 13 13 13 5 5 5 5 5 0 0 0 5 5 5 5 5 5 5 5 5 5 5 5 5 5 
5 5 5 5 5 5 5 5 5 5 5 5 5 5 5 5 5 0 0 0 0 0 0 0 0 0 0 8 8 0 7 5 5 5 5 5 5 5 5 5 5 5 5 5 5 5 5 5 5 5 5 5 5 5 5 5 5 5 5 5 5 5 5 5 5 7 5 5 5 5 5 5 5 5 5 5 5 5 5 5 5 5 5 5 5 5 5 5 0 0 0 0 13 13 13 13 13 13 13 13 13 13 13 13 13 13 13 13 13 13 13 13 13 13 5 0 5 13 13 13 13 13 13 13 13 13 13 13 13 13 13 13 5 0 0 0 0 0 0 0 0 13 13 13 13 13 13 13 13 13 13 13 13 13 13 13 13 13 13 13 13 13 13 13 13 13 13 13 13 13 13 13 13 13 13 13 13 13 5 5 5 5 5 5 0 0 0 5 5 5 5 5 5 5 5 5 5 5 5 5 
5 5 5 5 5 5 5 5 5 5 5 5 5 5 5 8 0 0 0 0 0 0 0 0 0 0 8 7 8 5 7 8 8 8 8 8 8 8 8 8 8 8 8 8 8 8 8 8 8 8 8 8 8 8 8 8 8 8 8 8 8 8 8 8 8 7 7 7 7 7 7 7 7 7 7 5 5 5 5 5 5 5 5 5 5 5 5 5 5 0 0 0 13 13 13 13 13 13 13 13 13 13 13 13 13 13 13 13 13 13 13 13 13 13 13 5 0 5 13 13 13 13 13 13 13 13 13 13 13 13 13 13 7 5 0 0 0 0 0 0 0 5 13 13 13 13 13 13 13 13 13 13 13 13 13 13 13 13 13 13 13 13 13 13 13 13 13 13 13 13 13 13 13 13 13 13 13 13 5 0 5 5 5 0 0 0 0 0 5 5 5 5 5 5 5 5 5 5 5 5 
5 5 5 5 5 5 5 5 5 5 5 5 0 0 0 0 0 0 0 0 0 0 0 0 0 0 0 0 0 0 0 0 0 0 0 0 0 0 0 0 0 0 0 0 0 0 0 0 0 0 0 0 0 0 0 0 0 0 0 0 0 0 0 0 0 0 0 0 0 0 0 0 0 0 0 5 5 5 5 5 5 5 5 5 5 5 5 5 5 0 0 0 13 13 13 13 13 13 13 13 13 13 13 13 13 13 13 13 13 13 13 13 13 13 13 13 5 5 0 0 8 8 8 8 8 5 13 13 13 13 13 5 8 8 5 0 0 0 0 0 0 0 5 13 13 13 13 13 13 13 13 13 13 13 13 13 13 13 13 13 13 13 5 13 13 13 13 13 13 13 13 13 13 13 13 13 13 13 0 0 5 5 5 0 0 0 0 0 5 0 0 0 5 5 5 5 5 5 0 0 
0 5 5 5 5 5 5 5 5 5 5 5 0 4 4 4 4 4 4 4 4 4 4 4 4 4 4 4 4 4 4 4 4 4 4 4 4 4 4 4 4 4 4 4 4 4 4 4 4 4 4 4 4 4 4 4 4 4 4 4 4 4 4 4 4 4 4 4 4 4 4 4 4 4 0 5 5 5 5 5 5 5 5 5 5 5 5 5 5 0 0 0 5 13 13 13 13 13 13 13 13 13 13 13 13 13 13 13 13 13 13 13 13 13 13 13 5 13 13 0 0 0 0 0 0 0 0 0 0 0 0 0 0 0 0 0 0 0 0 0 0 0 5 13 13 13 13 13 13 13 13 13 13 13 13 13 13 13 13 5 0 5 5 13 13 13 13 13 13 13 13 13 13 13 13 13 13 5 0 0 5 5 5 0 0 0 0 0 0 0 0 0 0 0 0 5 0 0 0 0 
5 0 0 5 5 5 5 5 5 5 5 5 0 4 4 4 4 4 4 4 4 4 4 4 4 4 4 4 4 4 4 4 4 4 4 4 4 4 4 4 4 4 4 4 4 4 4 4 4 4 4 4 4 4 4 4 4 4 4 4 4 4 4 4 4 4 4 4 4 4 4 4 4 4 0 5 5 5 5 5 5 5 5 5 5 5 5 5 5 0 0 0 0 5 5 13 13 13 13 13 13 13 13 13 13 13 13 13 13 13 13 13 13 13 8 6 6 12 13 0 8 6 6 6 6 14 8 8 6 6 6 6 14 6 6 6 6 6 0 6 6 6 6 5 5 13 13 13 6 6 6 14 12 13 13 13 13 5 0 0 0 8 13 13 13 13 13 13 13 13 13 13 13 13 13 13 13 5 0 0 0 0 0 0 0 0 0 0 0 0 0 0 0 0 0 0 0 0 0 0 
8 7 8 0 0 5 5 5 5 5 5 5 0 4 4 4 4 4 4 4 4 4 4 4 4 4 4 4 4 4 4 4 4 4 4 4 4 4 4 4 4 4 4 4 4 4 4 4 4 4 4 4 4 4 4 4 4 4 4 4 4 4 4 4 4 4 4 4 4 4 4 4 4 4 0 5 5 5 5 5 5 5 5 5 5 5 5 5 5 0 0 0 0 0 0 0 5 5 13 13 13 13 13 13 13 13 13 13 13 13 13 13 13 13 6 6 6 6 6 8 8 8 6 6 6 6 5 5 6 6 6 6 12 8 6 6 6 6 0 6 6 6 6 6 5 5 13 13 6 6 6 14 12 5 13 5 0 0 5 5 5 5 5 13 13 13 13 5 13 13 13 13 13 13 13 13 13 0 0 0 0 0 0 0 0 0 0 0 0 0 0 0 0 0 0 0 0 0 0 0 
0 5 8 7 8 0 0 5 5 5 5 5 0 4 4 4 4 4 4 4 4 4 4 4 4 4 4 4 4 4 4 4 4 4 4 4 4 4 4 4 4 4 4 4 4 4 4 4 4 4 4 4 4 4 4 4 4 4 4 4 4 4 4 4 4 4 4 4 4 4 4 4 4 4 0 5 5 5 5 5 5 5 5 5 5 5 5 5 5 0 0 0 0 0 0 0 0 0 0 0 5 13 13 13 13 13 13 13 13 13 13 13 13 13 6 6 6 6 6 8 5 8 6 6 6 12 5 5 6 6 6 6 12 2 6 6 6 6 0 6 6 6 6 6 12 8 5 5 6 6 6 14 12 0 0 5 5 5 5 5 5 5 0 5 13 13 13 13 13 13 13 13 13 13 13 13 5 0 0 0 0 0 0 0 0 0 5 0 0 0 0 0 0 0 0 0 0 0 0 0 
0 5 5 5 8 7 8 0 0 5 5 5 0 4 4 4 4 4 0 0 0 0 0 0 0 0 0 0 0 0 0 0 0 0 0 0 0 0 0 0 0 0 0 0 0 0 0 0 0 0 0 0 0 0 0 0 0 0 0 0 0 0 0 0 0 0 0 0 0 4 4 4 4 0 0 5 5 5 5 5 5 5 5 5 5 5 5 5 0 0 0 0 0 5 5 5 0 0 0 0 0 0 0 8 5 13 13 13 13 13 13 13 13 13 6 6 6 6 6 7 5 8 6 6 6 12 5 5 6 6 6 6 12 2 6 6 6 6 0 6 6 6 6 6 6 12 13 13 6 6 6 14 12 0 0 5 5 5 5 5 5 5 5 0 5 13 13 13 13 13 13 13 13 13 13 13 0 0 0 0 0 0 0 0 0 5 5 5 0 0 0 0 5 5 5 5 5 5 5 5 
5 5 5 5 5 5 8 7 8 0 0 5 0 4 4 4 4 4 0 0 0 0 0 0 0 0 0 0 0 0 0 0 0 0 0 0 0 0 0 0 0 0 0 0 0 0 0 0 0 0 0 0 0 0 0 0 0 0 0 0 0 0 0 0 0 0 0 0 0 0 4 4 4 4 0 5 5 5 5 5 5 5 5 5 5 5 5 5 0 0 0 0 0 5 5 5 5 5 5 0 0 0 0 0 0 0 5 13 13 13 13 13 13 13 6 6 6 6 12 8 5 8 6 6 6 12 5 5 6 6 6 6 6 2 6 6 6 6 0 6 6 6 6 6 6 6 5 8 6 6 6 14 12 0 0 5 5 5 5 5 5 5 5 5 5 13 13 13 13 13 13 13 13 13 13 5 0 0 0 0 0 5 5 5 0 5 5 5 5 5 0 0 5 5 5 5 5 5 5 5 
5 5 5 5 5 5 5 5 8 8 8 0 0 4 4 4 4 4 0 0 0 0 0 0 0 0 0 0 0 0 0 0 0 0 0 0 0 0 0 0 0 0 0 0 0 0 0 0 0 0 0 0 0 0 0 0 0 0 0 0 0 0 0 0 0 0 0 0 0 0 4 4 4 4 0 5 5 5 5 5 5 5 5 5 5 5 5 5 0 0 0 0 0 5 5 5 5 5 5 5 5 5 5 0 0 0 0 5 13 13 13 13 13 13 8 6 6 6 14 5 5 6 6 6 6 12 5 5 6 6 6 6 6 2 6 6 6 6 0 6 6 6 6 6 6 6 12 8 6 6 6 14 12 5 0 5 5 5 5 5 5 5 5 5 5 5 13 13 13 13 13 13 13 13 13 0 0 0 0 0 5 5 5 5 5 5 5 5 5 5 0 5 5 5 5 5 5 5 5 5 
5 5 5 5 5 5 5 5 5 5 8 7 0 4 4 4 4 4 0 0 0 0 0 0 0 0 0 0 0 0 0 0 0 0 0 0 0 0 0 0 0 0 0 0 0 0 0 0 0 0 0 0 0 0 0 0 0 0 0 0 0 0 0 0 0 0 0 0 0 0 4 4 4 4 0 5 5 5 5 5 5 5 5 5 5 5 5 5 0 0 0 0 0 5 5 5 5 5 5 5 5 5 5 5 5 0 0 0 5 13 13 13 13 13 5 6 6 6 14 5 5 6 6 6 6 6 5 5 6 6 6 6 0 2 6 6 6 6 0 6 6 6 6 6 6 6 6 12 6 6 6 14 12 5 0 0 5 5 5 5 5 5 5 5 5 5 5 13 13 13 13 13 13 13 5 0 0 0 0 5 5 5 5 5 5 5 5 5 5 5 0 5 5 5 5 5 5 5 5 5 
5 5 5 5 5 5 5 5 5 5 5 5 0 4 4 4 4 4 0 0 0 0 0 0 0 0 0 0 0 0 0 0 0 0 0 0 0 0 0 0 0 0 0 0 0 0 0 0 0 0 0 0 0 0 0 0 0 0 0 0 0 0 0 0 0 0 0 0 0 0 4 4 4 4 0 5 5 5 5 5 5 5 5 5 5 5 5 5 0 0 0 0 0 5 5 5 5 5 5 5 5 5 5 5 5 5 12 8 0 5 5 13 13 13 13 6 6 6 14 4 5 6 6 6 6 6 5 4 6 6 6 6 0 2 6 6 6 6 0 6 6 6 6 2 6 6 6 6 6 6 6 14 12 8 0 0 0 5 5 5 5 5 13 5 5 5 5 5 5 13 13 13 13 5 0 0 0 0 5 5 5 5 5 5 5 5 5 5 5 5 8 5 5 5 5 5 5 5 5 5 
5 5 5 5 5 5 5 5 5 5 5 5 0 4 4 4 4 4 0 0 0 0 0 0 0 0 0 0 0 0 0 0 0 0 0 0 0 0 0 0 0 0 0 0 0 0 0 0 0 0 0 0 0 0 0 0 0 0 0 0 0 0 0 0 0 0 0 0 0 0 4 4 4 4 0 5 5 5 5 5 5 5 5 5 5 5 5 5 0 0 0 0 0 5 5 5 5 5 5 5 5 5 5 5 5 5 12 5 0 0 5 5 13 13 13 8 6 6 6 12 4 6 6 6 6 6 4 2 6 6 6 0 0 2 6 6 6 12 0 6 6 6 6 0 6 6 6 6 6 6 6 14 12 8 5 0 0 5 5 5 5 5 12 5 5 5 5 5 5 8 13 13 5 0 0 0 5 5 5 5 5 5 5 5 5 5 5 5 5 5 7 5 5 5 5 5 5 5 5 5 
5 5 5 5 5 5 5 5 5 5 5 5 0 4 4 4 4 4 0 0 0 0 0 0 0 0 0 0 0 0 0 0 0 0 0 0 0 0 0 0 0 0 0 0 0 0 0 0 0 0 0 0 0 0 0 0 0 0 0 0 0 0 0 0 0 0 0 0 0 0 4 4 4 4 0 5 5 5 5 5 5 5 5 5 5 5 5 5 0 0 0 0 0 5 5 5 5 5 5 5 5 5 5 5 5 8 5 0 0 0 0 5 13 13 13 5 6 6 6 6 8 6 6 6 6 6 12 6 6 6 6 0 0 2 6 6 6 14 13 6 6 6 6 4 0 6 6 6 6 6 6 14 12 8 5 0 0 5 5 5 5 5 5 5 5 5 5 5 5 0 5 0 0 0 0 5 5 5 5 5 5 5 5 5 5 5 5 5 5 12 5 5 5 5 5 5 5 5 5 5 
5 5 5 5 5 5 5 5 5 5 5 0 0 4 4 4 4 4 0 0 0 0 0 0 0 0 0 0 0 0 0 0 0 0 0 0 0 0 0 0 0 0 0 0 0 0 0 0 0 0 0 0 0 0 0 0 0 0 0 0 0 0 0 0 0 0 0 0 0 0 4 4 4 4 0 5 5 5 5 5 5 5 5 5 5 5 5 5 0 0 0 0 5 5 5 5 5 5 5 5 5 5 5 5 8 5 0 0 0 0 0 0 5 13 13 0 8 6 6 6 6 6 6 12 6 6 6 6 6 6 4 0 0 2 6 6 6 14 13 6 6 6 6 4 0 0 6 6 6 6 6 14 12 8 12 0 0 0 5 5 5 5 5 5 5 5 5 5 0 0 0 0 0 0 5 5 5 5 5 5 5 5 5 5 5 5 5 5 5 7 5 5 5 5 5 5 5 5 5 5 
5 5 5 5 5 5 5 5 5 5 0 0 0 4 4 4 4 4 0 0 0 0 0 0 0 0 0 0 0 0 0 0 0 0 0 0 0 0 0 0 0 0 0 0 0 0 0 0 0 0 0 0 0 0 0 0 0 0 0 0 0 0 0 0 0 0 0 0 0 0 4 4 4 4 0 5 5 5 5 5 5 5 5 5 5 5 5 5 0 0 0 0 5 5 5 5 5 5 5 5 5 5 5 8 5 0 0 0 0 0 0 0 0 5 8 0 12 6 6 6 6 6 6 5 6 6 6 6 6 6 0 0 0 2 6 6 6 14 13 6 6 6 6 4 0 0 2 6 6 6 6 14 12 8 12 5 0 0 0 5 5 5 5 5 5 5 5 0 0 0 0 0 0 0 5 5 5 5 5 5 5 5 5 5 5 5 5 5 5 5 5 5 5 5 5 5 5 5 5 5 
5 5 5 5 5 5 5 5 5 0 0 0 0 4 4 4 4 4 0 0 0 0 0 0 0 0 0 0 0 0 0 0 0 0 0 0 0 0 0 0 0 0 0 0 0 0 0 0 0 0 0 0 0 0 0 0 0 0 0 0 0 0 0 0 0 0 0 0 0 0 4 4 4 4 0 5 5 5 5 5 5 5 5 5 5 5 5 5 0 0 0 5 5 5 5 5 5 5 5 5 5 8 8 5 0 0 0 0 0 0 0 0 0 0 0 8 7 4 6 6 6 6 12 0 2 6 6 6 6 4 0 5 0 6 6 6 6 14 13 6 6 6 6 4 0 0 0 6 6 6 6 14 12 8 12 12 0 0 0 5 5 5 5 5 5 5 0 0 0 0 0 0 0 0 0 5 5 5 5 5 5 5 5 5 5 5 5 0 5 5 5 5 5 5 5 5 5 5 5 5 
5 5 5 5 5 5 5 5 0 0 0 0 0 4 4 4 4 4 0 0 0 0 0 0 0 0 0 0 0 0 0 0 0 0 0 0 0 0 0 0 0 0 0 0 0 0 0 0 0 0 0 0 0 0 0 0 0 0 0 0 0 0 0 0 0 0 0 0 0 0 4 4 4 4 0 5 5 5 5 5 5 5 5 5 5 5 5 5 0 0 0 5 5 5 5 5 5 5 5 5 5 8 5 0 0 0 0 0 0 0 0 0 0 0 0 5 5 5 6 6 6 6 4 0 0 6 6 6 6 0 0 0 5 6 6 6 6 14 13 6 6 6 14 4 0 0 0 0 6 6 6 14 12 8 8 0 0 0 0 0 5 5 5 5 5 0 0 0 0 0 0 0 5 0 0 5 5 5 5 5 5 5 5 5 5 5 0 8 5 5 5 5 5 5 5 5 5 5 5 5 
5 5 5 5 5 5 5 0 0 0 0 0 0 4 4 4 4 4 0 0 0 0 0 0 0 0 0 0 0 0 0 0 0 0 0 0 0 0 0 0 0 0 0 0 0 0 0 0 0 0 0 0 0 0 0 0 0 0 0 0 0 0 0 0 0 0 0 0 0 0 4 4 4 4 0 8 0 0 5 5 5 5 5 5 5 5 5 5 0 0 0 5 5 5 5 5 5 5 5 5 5 5 5 5 5 5 0 0 0 0 0 0 0 0 0 0 0 5 5 5 5 0 0 0 0 0 0 0 0 0 0 0 5 13 13 13 13 13 13 13 13 13 7 5 0 0 0 0 0 0 0 5 8 8 0 0 13 13 0 0 5 5 5 5 0 0 0 0 0 0 5 5 5 8 0 5 5 5 5 5 5 5 5 5 5 5 5 5 5 5 5 5 5 5 5 5 5 5 5 0 
5 5 5 5 5 5 0 0 0 0 0 0 0 4 4 4 4 4 0 0 0 0 0 0 0 0 0 0 0 0 0 0 0 0 0 0 0 0 0 0 0 0 0 0 0 0 0 0 0 0 0 0 0 0 0 0 0 0 0 0 0 0 0 0 0 0 0 0 0 0 4 4 4 4 0 7 13 13 0 5 5 5 5 5 5 5 5 5 0 0 0 5 5 5 5 5 5 5 5 5 5 5 5 5 5 5 5 5 0 0 0 0 0 0 0 0 0 0 5 5 0 0 0 0 0 0 0 0 0 0 0 5 12 13 13 13 13 13 13 13 13 13 13 13 5 0 0 0 0 0 0 0 5 0 0 13 13 0 0 0 5 5 5 0 0 0 0 0 0 0 0 5 5 8 0 0 5 5 5 5 5 5 5 5 5 5 5 5 5 5 5 5 5 5 5 5 5 5 5 0 
5 5 5 5 4 0 0 0 0 0 0 0 0 4 4 4 4 4 0 0 0 0 0 0 0 0 0 0 0 0 0 0 0 0 0 0 0 0 0 0 0 0 0 0 0 0 0 0 0 0 0 0 0 0 0 0 0 0 0 0 0 0 0 0 0 0 0 0 0 0 4 4 4 4 0 13 13 13 13 5 0 5 5 5 5 5 0 0 0 0 0 5 5 5 5 5 5 5 5 5 5 5 5 5 5 5 5 5 0 0 0 0 0 0 0 0 0 0 0 0 0 0 0 0 0 0 0 0 0 0 0 5 13 13 13 13 13 13 13 13 13 13 13 13 13 5 0 0 0 0 0 5 5 8 13 5 5 5 0 0 0 0 0 0 0 0 0 0 0 0 5 5 5 5 8 0 5 5 5 5 5 5 5 5 5 5 5 5 5 5 5 5 5 5 5 5 5 5 0 0 
0 5 5 5 0 0 0 0 0 0 0 0 0 4 4 4 4 4 0 0 0 0 0 0 0 0 0 0 0 0 0 0 0 0 0 0 0 0 0 0 0 0 0 0 0 0 0 0 0 0 0 0 0 0 0 0 0 0 0 0 0 0 0 0 0 0 0 0 0 0 4 4 4 4 0 13 13 13 13 13 13 5 0 0 8 0 0 0 0 0 5 5 5 5 5 5 5 5 5 5 5 5 5 5 5 5 5 5 0 0 0 0 0 0 0 0 0 0 0 0 0 0 0 0 0 0 0 0 0 0 0 7 13 13 13 13 13 13 13 13 13 13 13 13 13 7 5 0 0 0 5 13 13 13 5 5 5 5 0 0 0 0 0 0 0 0 0 0 0 5 5 5 5 5 5 0 0 5 5 5 5 5 5 5 5 5 5 5 5 5 5 5 5 5 5 5 5 0 0 0 
0 5 5 0 0 0 0 0 0 0 8 8 0 4 4 4 4 4 0 0 0 0 0 0 0 0 0 0 0 0 0 0 0 0 0 0 0 0 0 0 0 0 0 0 0 0 0 0 0 0 0 0 0 0 0 0 0 0 0 0 0 0 0 0 0 0 0 0 0 0 4 4 4 4 0 13 13 13 13 13 13 13 8 0 0 0 0 0 5 5 5 5 5 5 5 5 5 5 5 5 5 5 5 5 5 5 5 5 0 0 0 0 0 0 0 0 0 0 0 0 0 0 0 0 0 0 0 0 0 0 0 5 5 5 5 5 5 5 5 5 5 5 5 5 5 5 5 0 0 5 13 13 13 0 0 0 0 0 0 0 0 0 0 0 0 0 0 0 5 5 5 5 5 5 5 8 0 0 5 5 5 5 8 5 5 5 5 5 5 5 5 5 5 5 5 5 0 0 0 0 
5 5 0 0 0 0 0 0 5 5 5 5 0 4 4 4 4 4 0 0 0 0 0 0 0 0 0 0 0 0 0 0 0 0 0 0 0 0 0 0 0 0 0 0 0 0 0 0 0 0 0 0 0 0 0 0 0 0 0 0 0 0 0 0 0 0 0 0 0 0 4 4 4 4 0 13 13 13 13 13 13 5 5 0 0 0 0 5 5 5 5 5 5 5 5 5 5 5 5 5 5 5 5 5 5 5 5 5 0 0 0 0 0 5 0 0 0 0 0 0 0 0 0 0 0 0 0 0 0 0 5 13 13 13 13 13 13 13 13 13 13 13 13 13 13 13 13 13 5 13 13 13 13 0 0 0 0 0 0 0 0 0 0 8 8 8 8 8 8 8 8 5 8 5 8 8 0 0 8 5 0 5 8 5 5 5 5 5 5 5 5 5 5 5 5 0 0 0 0 0 
0 0 0 0 0 0 5 5 5 5 5 5 0 4 4 4 4 4 0 0 0 0 0 0 0 0 0 0 0 0 0 0 0 0 0 0 0 0 0 0 0 0 0 0 0 0 0 0 0 0 0 0 0 0 0 0 0 0 0 0 0 0 0 0 0 0 0 0 0 0 4 4 4 4 0 13 13 0 0 0 0 0 0 0 0 0 0 0 0 0 0 0 0 0 0 0 0 0 0 0 0 0 0 0 0 0 0 0 0 0 0 0 0 0 0 0 0 0 0 0 0 0 0 0 0 0 0 0 0 0 0 0 0 0 0 0 0 0 0 0 0 0 0 0 0 0 0 0 0 0 0 0 0 0 0 0 0 0 0 0 0 0 0 0 0 0 0 0 0 0 0 0 0 0 0 0 0 0 0 0 0 0 0 0 0 0 0 0 0 5 5 5 5 5 0 0 0 0 0 0 
0 0 0 0 0 5 5 5 5 5 5 5 0 4 4 4 4 4 0 0 0 0 0 0 0 0 0 0 0 0 0 0 0 0 0 0 0 0 0 0 0 0 0 0 2 0 0 0 0 0 0 0 0 0 0 0 0 0 0 0 0 0 0 0 0 0 0 0 0 0 4 4 4 4 0 13 13 0 4 4 4 4 4 4 4 4 4 4 4 4 4 4 4 4 4 4 4 4 4 4 4 4 4 4 4 4 4 4 4 4 4 4 4 4 4 4 4 4 4 4 4 4 4 4 4 4 4 4 4 4 4 4 4 4 4 4 4 4 4 4 4 4 4 4 4 4 4 4 4 4 4 4 4 4 4 4 4 4 4 4 4 4 4 4 4 4 4 4 4 4 4 4 4 4 4 4 4 4 4 4 4 4 4 4 4 4 4 4 0 5 5 5 5 0 0 0 0 0 0 0 
0 0 0 5 5 5 5 5 5 5 5 5 0 4 4 4 4 4 0 0 0 0 0 0 0 0 0 0 0 0 0 0 0 0 0 0 0 0 0 0 0 0 2 2 2 2 2 0 0 0 0 0 0 0 0 0 0 0 0 0 0 0 0 0 0 0 0 0 0 0 4 4 4 4 0 5 13 0 4 4 4 4 4 4 4 4 4 4 4 4 4 4 4 4 4 4 4 4 4 4 4 4 4 4 4 4 4 4 4 4 4 4 4 4 4 4 4 4 4 4 4 4 4 4 4 4 4 4 4 4 4 4 4 4 4 4 4 4 4 4 4 4 4 4 4 4 4 4 4 4 4 4 4 4 4 4 4 4 4 4 4 4 4 4 4 4 4 4 4 4 4 4 4 4 4 4 4 4 4 4 4 4 4 4 4 4 4 4 0 5 5 5 0 0 0 0 5 5 5 5 
0 5 5 5 5 5 5 5 5 5 5 5 0 4 4 4 4 4 0 0 0 0 0 0 0 0 0 0 0 0 0 0 0 0 0 0 0 0 0 0 2 2 2 2 2 2 2 2 0 0 0 0 0 0 0 0 0 0 0 0 0 0 0 0 0 0 0 0 0 0 4 4 4 4 0 5 5 0 4 4 4 4 4 4 4 4 4 4 4 4 4 4 4 4 4 4 4 4 4 4 4 4 4 4 4 4 4 4 4 4 4 4 4 4 4 4 4 4 4 4 4 4 4 4 4 4 4 4 4 4 4 4 4 4 4 4 4 4 4 4 4 4 4 4 4 4 4 4 4 4 4 4 4 4 4 4 4 4 4 4 4 4 4 4 4 4 4 4 4 4 4 4 4 4 4 4 4 4 4 4 4 4 4 4 4 4 4 4 0 4 5 0 0 0 0 5 5 5 5 5 
5 5 5 5 5 5 5 5 5 5 5 5 0 4 4 4 4 4 0 0 0 0 0 0 0 0 0 0 0 0 0 0 0 0 0 0 0 0 0 0 2 2 7 8 7 8 8 2 0 0 0 0 0 0 0 0 0 0 0 0 0 0 0 0 0 0 0 0 0 0 4 4 4 4 0 0 0 0 4 4 4 4 4 4 4 4 4 4 4 4 4 4 4 4 4 4 4 4 4 4 4 4 4 4 4 4 4 4 4 4 4 4 4 4 4 4 4 4 4 4 4 4 4 4 4 4 4 4 4 4 4 4 4 4 4 4 4 4 4 4 4 4 4 4 4 4 4 4 4 4 4 4 4 4 4 4 4 4 4 4 4 4 4 4 4 4 4 4 4 4 4 4 4 4 4 4 4 4 4 4 4 4 4 4 4 4 4 4 0 4 0 0 0 0 5 5 5 5 5 5 
5 5 5 5 5 5 5 5 5 5 5 5 0 4 4 4 4 4 0 0 0 0 0 0 0 0 0 0 0 0 0 0 0 0 0 0 0 0 0 0 2 8 15 0 7 0 7 2 0 0 0 0 0 0 0 0 0 0 0 0 0 0 0 0 0 0 0 0 0 0 4 4 4 4 0 0 0 0 4 4 4 4 0 0 0 0 0 0 0 0 0 0 0 0 0 0 0 0 0 0 0 0 0 0 0 0 0 0 0 0 0 0 0 0 0 0 0 0 0 0 0 0 0 0 0 0 0 0 0 0 0 0 0 0 0 0 0 0 0 0 0 0 0 0 0 0 0 0 0 0 0 0 0 0 0 0 0 0 0 0 0 0 0 0 0 0 0 0 0 0 0 0 0 0 0 0 0 0 0 0 0 0 0 4 4 4 4 0 0 4 5 0 0 0 5 5 5 5 5 5 
5 5 5 5 5 5 5 5 5 5 5 5 0 4 4 4 4 4 0 0 0 0 0 0 0 0 0 0 0 0 0 0 0 0 0 0 0 0 0 0 2 2 7 15 7 7 8 0 0 0 0 0 0 0 0 0 0 0 0 0 0 0 0 0 0 0 0 0 0 0 4 4 4 4 0 0 0 0 4 4 4 4 0 0 0 0 0 0 0 0 0 0 0 0 0 0 0 0 0 0 0 0 0 0 0 0 0 0 0 0 0 0 0 0 0 0 0 0 0 0 0 0 0 0 0 0 0 0 0 0 0 0 0 0 0 0 0 0 0 0 0 0 0 0 0 0 0 0 0 0 0 0 0 0 0 0 0 0 0 0 0 0 0 0 0 0 0 0 0 0 0 0 0 0 0 0 0 0 0 0 0 0 0 0 4 4 4 4 0 13 13 13 0 0 0 5 5 5 5 5 
5 5 5 5 5 5 5 5 5 5 5 5 0 4 4 4 4 4 0 0 0 0 0 0 0 0 0 0 0 0 0 0 0 0 0 0 0 0 0 0 2 2 8 7 7 7 0 0 0 0 0 0 0 0 0 0 0 0 0 0 0 0 0 0 0 0 0 0 0 0 4 4 4 4 0 0 5 0 4 4 4 4 0 0 0 0 0 0 0 0 0 0 0 0 0 0 0 0 0 0 0 0 0 0 0 0 0 0 0 0 0 0 0 0 0 0 0 0 0 0 0 0 0 0 0 0 0 0 0 0 0 0 0 0 0 0 0 0 0 0 0 0 0 0 0 0 0 0 0 0 0 0 0 0 0 0 0 0 0 0 0 0 0 0 0 0 0 0 0 0 0 0 0 0 0 0 0 0 0 0 0 0 0 0 4 4 4 4 0 13 13 13 0 0 0 5 5 5 5 5 
5 5 5 5 5 5 5 5 5 5 5 5 0 4 4 4 4 4 0 0 0 0 0 0 0 0 0 0 0 0 0 0 0 0 0 0 0 0 0 0 0 0 0 8 7 8 0 0 0 0 0 0 0 0 0 0 0 0 0 0 0 0 0 0 0 0 0 0 0 0 4 4 4 4 0 5 5 0 4 4 4 4 0 0 0 0 0 0 0 0 0 0 0 0 0 0 0 0 0 0 0 0 0 0 0 0 0 0 0 0 0 0 0 0 0 0 0 0 0 0 0 0 0 0 0 0 0 0 0 0 0 0 0 0 0 0 0 0 0 0 0 0 0 0 0 0 0 0 0 0 0 0 0 0 0 0 0 0 0 0 0 0 0 0 0 0 0 0 0 0 0 0 0 0 0 0 0 0 0 0 0 0 0 0 4 4 4 4 0 13 13 13 0 0 0 5 5 5 5 5 
5 5 5 5 5 5 5 5 5 5 5 5 0 4 4 4 4 4 0 0 0 0 0 0 0 0 0 0 0 0 0 0 0 0 0 0 0 0 0 0 1 1 1 9 9 9 9 5 0 0 0 0 0 0 0 0 0 0 0 0 0 0 0 0 0 0 0 0 0 0 4 4 4 4 0 5 5 0 4 4 4 4 0 0 0 0 0 0 0 0 0 0 0 0 0 0 0 0 0 0 0 0 0 0 0 0 0 0 0 0 0 0 0 0 0 0 0 0 0 0 0 0 0 0 0 0 0 0 0 0 0 0 0 0 0 0 0 0 0 0 0 0 0 0 0 0 0 0 0 0 0 0 0 0 0 0 0 0 0 0 0 0 0 0 0 0 0 0 0 0 0 0 0 0 0 0 0 0 0 0 0 0 0 0 4 4 4 4 0 13 13 13 13 0 0 0 5 5 5 5 
5 5 5 5 5 5 5 5 5 5 5 5 0 4 4 4 4 4 0 0 0 0 0 0 0 0 0 0 0 0 0 0 0 0 0 0 0 0 0 9 1 1 1 1 9 9 1 1 9 0 0 0 0 0 0 0 0 0 0 0 0 0 0 0 0 0 0 0 0 0 4 4 4 4 0 5 5 0 4 4 4 4 0 0 0 0 0 0 0 0 0 0 0 0 0 0 0 0 0 0 0 0 0 0 0 0 0 0 0 0 0 0 0 0 0 0 0 0 0 0 0 0 0 0 0 0 0 0 0 0 0 0 0 0 0 0 0 0 0 0 0 0 0 0 0 0 0 7 0 0 0 0 0 0 0 0 0 0 0 0 0 0 0 0 0 0 0 0 0 0 0 0 0 0 0 0 0 0 0 0 0 0 0 0 4 4 4 4 0 13 13 13 13 13 0 0 5 5 5 5 
5 5 5 5 5 5 5 5 5 5 5 5 0 4 4 4 4 4 0 0 0 0 0 0 0 0 0 0 0 0 0 0 0 0 0 0 0 0 0 8 9 1 1 1 1 1 1 1 15 0 0 0 0 0 0 0 0 0 0 0 0 0 0 0 0 0 0 0 0 0 4 4 4 4 0 5 5 0 4 4 4 4 0 0 0 0 0 0 0 7 0 0 7 0 7 7 7 7 0 7 7 0 0 7 0 7 7 0 0 7 0 7 7 7 7 0 0 7 7 7 7 0 0 0 7 7 0 0 0 7 7 7 7 0 7 7 7 7 7 0 0 0 7 7 7 7 0 0 0 0 0 0 0 0 0 0 0 0 0 0 0 0 0 0 0 0 0 0 0 0 0 0 0 0 0 0 0 0 0 0 0 0 0 0 4 4 4 4 0 13 13 13 13 13 0 0 0 5 5 5 
5 5 5 5 5 5 5 5 5 5 5 5 0 4 4 4 4 4 0 0 0 0 0 0 0 0 0 0 0 0 0 0 0 0 0 0 0 0 8 15 0 1 1 1 1 1 1 9 8 0 0 0 0 0 0 0 0 0 0 0 0 0 0 0 0 0 0 0 0 0 4 4 4 4 0 5 5 0 4 4 4 4 0 0 0 0 0 0 0 7 0 0 7 0 7 0 0 0 0 7 7 7 0 7 0 7 7 7 0 7 0 7 0 0 0 0 7 7 0 0 7 0 0 0 7 7 0 0 0 7 0 0 7 7 0 0 7 0 0 0 0 0 7 0 0 7 0 7 0 0 7 7 7 0 0 7 7 7 0 7 7 7 0 7 7 7 0 0 0 0 0 0 0 0 0 0 0 0 0 0 0 0 0 0 4 4 4 4 0 13 13 13 13 13 0 0 0 5 5 5 
5 5 5 5 5 5 5 5 5 5 5 5 0 4 4 4 4 4 0 0 0 0 0 0 0 0 0 0 0 0 0 0 0 0 0 0 0 0 0 8 1 1 1 1 1 1 1 1 0 0 0 0 0 0 0 0 0 0 0 0 0 0 0 0 0 0 0 0 0 0 4 4 4 4 0 5 5 0 4 4 4 4 0 0 0 0 0 0 0 7 7 7 7 0 7 7 7 0 0 7 0 7 0 7 0 7 0 7 0 7 0 7 7 7 0 0 7 0 0 0 0 0 0 7 0 0 7 0 0 7 0 0 7 0 0 0 7 0 0 0 0 0 7 0 0 7 0 7 0 7 7 0 7 7 0 7 0 0 0 7 0 0 7 7 0 7 7 0 0 0 0 0 0 0 0 0 0 0 0 0 0 0 0 0 4 4 4 4 0 13 13 13 13 13 5 0 0 5 5 5 
0 5 5 5 5 5 5 5 5 5 5 5 0 4 4 4 4 4 0 0 0 0 0 0 0 0 0 0 0 0 0 0 0 0 0 0 0 0 0 0 9 1 1 1 1 1 1 1 0 0 0 0 0 0 0 0 0 0 0 0 0 0 0 0 0 0 0 0 0 0 4 4 4 4 0 5 5 0 4 4 4 4 0 0 0 0 0 0 0 7 0 0 7 0 7 0 0 0 0 7 0 7 7 7 0 7 0 7 7 7 0 7 0 0 0 0 7 0 0 0 0 0 0 7 7 7 7 0 0 7 7 7 0 0 0 0 7 0 0 0 0 0 7 7 7 0 0 7 0 7 7 7 7 7 0 7 0 0 0 7 0 0 7 7 7 7 7 0 0 0 0 0 0 0 0 0 0 0 0 0 0 0 0 0 4 4 4 4 0 13 13 13 13 13 13 0 0 5 5 5 
0 5 5 5 5 5 5 5 5 5 5 5 0 4 4 4 4 4 0 0 0 0 0 0 0 0 0 0 0 0 0 0 0 0 0 0 0 0 0 0 1 1 1 1 1 1 1 1 0 0 0 0 0 0 0 0 0 0 0 0 0 0 0 0 0 0 0 0 0 0 4 4 4 4 0 5 5 0 4 4 4 4 0 0 0 0 0 0 0 7 0 0 7 0 7 0 0 0 0 7 0 0 7 7 0 7 0 0 7 7 0 7 0 0 0 0 7 7 0 0 7 0 0 7 0 0 7 0 0 7 0 7 7 0 0 0 7 0 0 0 0 0 7 0 0 0 0 7 0 7 7 0 0 0 0 7 0 0 0 7 0 0 7 7 0 0 0 0 0 0 0 0 0 0 0 0 0 0 0 0 0 0 0 0 4 4 4 4 0 13 13 13 13 13 13 0 0 0 5 5 
0 0 0 0 5 5 5 5 5 5 5 5 0 4 4 4 4 4 0 0 0 0 0 0 0 0 0 0 0 0 0 0 0 0 0 0 0 0 0 0 9 1 1 1 1 1 5 9 0 0 0 0 0 0 0 0 0 0 0 0 0 0 0 0 0 0 0 0 0 0 4 4 4 4 0 5 5 0 4 4 4 4 0 0 0 0 0 0 0 7 0 0 7 0 7 7 7 7 0 7 0 0 0 7 0 7 0 0 0 7 0 7 7 7 7 0 0 7 7 7 7 0 7 0 0 0 0 7 0 7 0 0 7 7 0 0 7 0 0 0 0 0 7 0 0 0 0 7 0 0 7 7 7 0 0 7 0 0 0 7 0 0 0 7 7 7 0 0 0 0 0 0 0 0 0 0 0 0 0 0 0 0 0 0 4 4 4 4 0 13 13 13 13 13 13 13 0 0 5 5 
8 8 5 0 0 0 5 5 5 5 5 5 0 4 4 4 4 4 0 0 0 0 0 0 0 0 0 0 0 0 0 0 0 0 0 0 0 0 0 0 7 15 7 1 0 8 15 15 8 0 0 0 0 0 0 0 0 0 0 0 0 0 0 0 0 0 0 0 0 0 4 4 4 4 0 5 5 0 4 4 4 4 0 0 0 0 0 0 0 0 0 0 0 0 0 0 0 0 0 0 0 0 0 0 0 0 0 0 0 0 0 0 0 0 0 0 0 0 0 0 0 0 0 0 0 0 0 0 0 0 0 0 0 0 0 0 0 0 0 0 0 0 0 0 0 0 0 0 0 0 0 0 0 0 0 0 0 0 0 0 0 0 0 0 0 0 0 0 0 0 0 0 0 0 0 0 0 0 0 0 0 0 0 0 4 4 4 4 0 13 13 13 13 13 13 13 0 0 5 5 
0 5 8 8 8 0 0 0 5 5 5 5 0 4 4 4 4 4 0 0 0 0 0 0 0 0 0 0 0 0 0 0 0 0 0 0 0 0 0 8 7 8 8 8 0 8 7 8 8 0 0 0 0 0 0 0 0 0 0 0 0 0 0 0 0 0 0 0 0 0 4 4 4 4 0 5 5 0 4 4 4 4 0 0 0 0 0 0 0 0 0 0 0 0 0 0 0 0 0 0 0 0 0 0 0 0 0 0 0 0 0 0 0 0 0 0 0 0 0 0 0 0 0 0 0 0 0 0 0 0 0 0 0 0 0 0 0 0 0 0 0 0 0 0 0 0 0 0 0 0 0 0 0 0 0 0 0 0 0 0 0 0 0 0 0 0 0 0 0 0 0 0 0 0 0 0 0 0 0 0 0 0 0 0 4 4 4 4 0 13 13 13 13 13 13 13 0 0 0 5 
0 0 0 5 5 8 5 0 0 0 5 5 0 4 4 4 4 4 0 0 0 0 0 0 0 0 0 0 0 0 0 0 0 0 0 0 4 4 4 4 4 4 4 4 4 4 4 4 4 4 4 0 0 0 0 0 0 0 0 0 0 0 0 0 0 0 0 0 0 0 4 4 4 4 0 5 5 0 4 4 4 4 0 0 0 0 0 0 0 0 0 0 0 0 0 0 0 0 0 0 0 0 0 0 0 0 0 0 0 0 0 0 0 0 0 0 0 0 0 0 0 0 0 0 0 0 0 0 0 0 0 0 0 0 0 0 0 0 0 0 0 0 0 0 0 0 0 0 0 0 0 0 0 0 0 0 0 0 0 0 0 0 0 0 0 0 0 0 0 0 0 0 0 0 0 0 0 0 0 0 0 0 0 0 4 4 4 4 0 13 13 13 13 13 13 13 0 0 0 7 
0 0 0 0 0 5 8 7 5 0 0 0 0 4 4 4 4 4 0 0 0 0 0 0 0 0 0 0 0 0 0 0 0 0 0 0 4 4 4 4 4 4 4 4 4 4 4 4 4 4 4 0 0 0 0 0 0 0 0 0 0 0 0 0 0 0 0 0 0 0 4 4 4 4 0 5 5 0 4 4 4 4 0 0 0 0 0 0 0 0 0 0 0 0 0 0 0 0 0 0 0 0 0 0 0 0 0 0 0 0 0 0 0 0 0 0 0 0 0 0 0 0 0 0 0 0 0 0 0 0 0 0 0 0 0 0 0 0 0 0 0 0 0 0 0 0 0 0 0 0 0 0 0 0 0 0 0 0 0 0 0 0 0 0 0 0 0 0 0 0 0 0 0 0 0 0 0 0 0 0 0 0 0 0 4 4 4 4 0 13 13 13 13 13 13 13 0 0 0 7 
0 0 0 0 0 0 0 5 8 8 8 0 0 4 4 4 4 4 0 0 0 0 0 0 0 0 0 0 0 0 0 0 0 0 0 0 4 4 4 4 4 4 4 4 4 4 4 4 4 4 4 0 0 0 0 0 0 0 0 0 0 0 0 0 0 0 0 0 0 0 4 4 4 4 0 5 5 0 4 4 4 4 0 0 0 0 0 0 0 0 0 0 0 0 0 0 0 0 0 0 0 0 0 0 0 0 0 0 0 0 0 0 0 0 0 0 0 0 0 0 0 0 0 0 0 0 0 0 0 0 0 0 0 0 0 0 0 0 0 0 0 0 0 0 0 0 0 0 0 0 0 0 0 0 0 0 0 0 0 0 0 0 0 0 0 0 0 0 0 0 0 0 0 0 0 0 0 0 0 0 0 0 0 0 4 4 4 4 0 13 13 13 13 13 13 13 5 0 0 7 
0 0 0 0 0 0 0 0 0 5 8 8 0 4 4 4 4 4 0 0 0 0 0 0 0 0 0 0 0 0 0 0 0 0 0 0 4 4 4 4 4 4 4 4 4 4 4 4 4 4 4 0 0 0 0 0 0 0 0 0 0 0 0 0 0 0 0 0 0 0 4 4 4 4 0 5 5 0 4 4 4 4 0 0 0 0 0 0 0 0 0 0 0 0 0 0 0 0 0 0 0 0 0 0 0 0 0 0 0 0 0 0 0 0 0 0 0 0 0 0 0 0 0 0 0 0 0 0 0 0 0 0 0 0 0 0 0 0 0 0 0 0 0 0 0 0 0 0 0 0 0 0 0 0 0 0 0 0 0 0 0 0 0 0 0 0 0 0 0 0 0 0 0 0 0 0 0 0 0 0 0 0 0 0 4 4 4 4 0 13 13 13 13 13 13 13 13 0 0 7 
0 0 0 0 0 0 0 0 0 0 0 5 0 4 4 4 4 4 0 0 0 0 0 0 0 0 0 0 0 0 0 0 0 0 0 0 4 4 4 4 4 4 6 6 6 4 4 4 4 4 4 0 0 0 0 0 0 0 0 0 0 0 0 0 0 0 0 0 0 0 4 4 4 4 0 5 5 0 4 4 4 4 0 0 0 0 0 0 0 0 0 0 0 0 0 0 0 0 0 0 0 0 0 0 0 0 0 0 0 0 0 0 0 0 0 0 0 0 0 0 0 0 0 0 0 0 0 0 0 0 0 0 0 0 0 0 0 0 0 0 0 0 0 0 0 0 0 0 0 0 0 0 0 0 0 0 7 0 0 0 0 0 0 0 0 0 0 0 0 0 0 0 0 0 0 0 0 0 0 0 0 0 0 0 4 4 4 4 0 13 13 13 13 13 13 13 13 0 0 7 
0 0 0 0 0 0 0 0 0 0 0 0 0 4 4 4 4 4 0 0 0 0 0 0 0 0 0 0 0 0 0 0 0 0 0 0 4 4 4 4 4 4 4 6 6 4 4 4 4 4 4 0 0 0 0 0 0 0 0 0 0 0 0 0 0 0 0 0 0 0 4 4 4 4 0 5 5 0 4 4 4 4 0 0 0 0 0 0 0 0 7 7 7 7 0 0 0 7 7 7 0 0 0 7 0 0 0 7 0 7 7 7 7 7 0 7 0 0 0 7 0 0 7 7 7 7 0 0 7 0 7 7 7 7 0 7 0 0 0 7 0 7 7 0 0 7 7 0 0 7 7 0 0 7 7 0 0 0 0 0 0 0 0 0 7 0 0 0 0 0 0 0 0 0 0 0 0 0 0 0 0 0 0 0 4 4 4 4 0 13 13 13 13 13 13 13 13 13 0 7 
0 0 0 0 0 0 0 0 0 0 0 0 0 4 4 4 4 4 0 0 0 0 0 0 0 0 0 0 0 0 0 0 0 0 0 0 4 4 4 4 4 4 4 6 6 4 4 4 4 4 4 0 0 0 0 0 0 0 0 0 0 0 0 0 0 0 0 0 0 0 4 4 4 4 0 5 5 0 4 4 4 4 0 0 0 0 0 0 0 7 7 0 0 7 0 0 7 0 0 0 7 0 0 7 0 0 0 7 0 0 0 7 0 0 0 7 0 0 0 7 0 0 7 0 0 7 7 0 7 0 7 0 0 0 0 7 0 0 0 7 0 0 7 7 7 7 0 0 0 0 7 0 0 7 0 0 7 0 0 7 7 7 0 7 7 7 0 0 7 7 7 0 0 7 7 7 0 0 0 0 0 0 0 0 4 4 4 4 0 13 13 13 13 13 13 13 13 13 0 7 
0 0 0 0 0 0 0 0 0 0 0 0 0 4 4 4 4 4 0 0 0 0 0 0 0 0 0 0 0 0 0 0 0 0 0 0 4 4 4 4 4 4 4 6 6 4 4 4 4 4 4 0 0 0 0 0 0 0 0 0 0 0 0 0 0 0 0 0 0 0 4 4 4 4 0 5 5 0 4 4 4 4 0 0 0 0 0 0 0 7 0 0 0 0 0 7 7 0 0 0 7 7 0 7 0 0 0 7 0 0 0 7 0 0 0 7 0 0 0 7 0 0 7 0 0 7 0 0 7 0 7 7 7 0 0 7 0 0 0 7 0 0 0 7 7 0 0 0 0 0 7 0 0 7 0 0 7 0 7 0 0 0 0 0 7 0 0 7 0 0 0 7 0 7 0 0 0 0 0 0 0 0 0 0 4 4 4 4 0 13 13 13 13 13 13 13 13 13 0 7 
0 0 0 0 0 0 0 0 0 0 0 0 0 4 4 4 4 4 0 0 0 0 0 0 0 0 0 0 0 0 0 0 0 0 0 0 4 4 4 4 4 4 4 6 6 4 4 4 4 4 4 4 4 4 4 4 4 4 4 4 4 4 4 4 4 4 4 0 0 0 4 4 4 4 0 5 5 0 4 4 4 4 0 0 0 0 0 0 0 7 0 0 0 0 0 7 7 0 0 0 7 7 0 7 0 0 0 7 0 0 0 7 0 0 0 7 0 0 0 7 0 0 7 7 7 0 0 0 7 0 7 0 0 0 0 7 0 0 0 7 0 0 0 7 7 0 0 0 0 0 7 0 0 7 0 0 7 0 7 0 0 0 0 0 7 0 0 7 0 0 0 7 0 7 0 0 0 0 0 0 0 0 0 0 4 4 4 4 0 13 13 13 13 13 13 13 13 5 0 7 
0 0 0 0 0 0 0 0 0 0 0 0 0 4 4 4 4 4 0 0 0 0 0 0 0 0 0 0 0 0 0 0 0 0 0 0 4 4 4 4 4 4 4 6 6 4 4 4 4 4 4 4 4 4 4 4 4 4 4 4 4 4 4 4 4 4 4 0 0 0 4 4 4 4 0 5 5 0 4 4 4 4 0 0 0 0 0 0 0 7 7 0 0 7 0 0 7 0 0 0 7 0 0 7 0 0 0 7 0 0 0 7 0 0 0 7 0 0 0 7 0 0 7 0 7 7 0 0 7 0 7 0 0 0 0 7 0 0 0 7 0 0 7 7 7 7 0 0 0 0 7 7 7 7 0 0 7 0 7 0 0 0 0 0 7 0 0 7 0 0 0 7 0 7 0 0 0 0 0 0 0 0 0 0 4 4 4 4 0 13 13 13 13 13 13 13 5 0 0 0 
0 0 0 0 0 0 0 0 0 0 0 0 0 4 4 4 4 4 0 0 0 0 0 0 0 0 0 0 0 0 0 0 0 0 0 0 4 4 4 4 4 4 6 6 6 6 4 4 4 4 4 4 4 4 4 4 4 4 4 4 4 4 4 4 4 4 4 0 0 0 4 4 4 4 0 5 5 0 4 4 4 4 0 0 0 0 0 0 0 0 7 7 7 7 0 0 0 7 7 7 0 0 0 0 7 7 7 0 0 0 0 7 0 0 0 0 7 7 7 0 0 0 7 0 0 7 7 0 7 0 7 7 7 7 0 0 7 7 7 0 0 7 7 0 0 7 7 0 0 0 0 7 7 0 0 0 7 0 0 7 7 7 0 0 7 7 0 0 7 7 7 0 0 7 0 0 0 0 0 0 0 0 0 0 4 4 4 4 0 13 13 13 13 13 13 0 0 0 0 0 
0 0 0 0 0 0 0 0 0 0 0 0 0 4 4 4 4 4 0 0 0 0 0 0 0 0 0 0 0 0 0 0 0 0 0 0 4 4 4 4 4 4 4 4 4 4 4 4 4 4 4 4 4 4 4 4 4 4 4 4 4 4 4 4 4 4 4 0 0 0 4 4 4 4 0 5 5 0 4 4 4 4 0 0 0 0 0 0 0 0 0 0 0 0 0 0 0 0 0 0 0 0 0 0 0 0 0 0 0 0 0 0 0 0 0 0 0 0 0 0 0 0 0 0 0 0 0 0 0 0 0 0 0 0 0 0 0 0 0 0 0 0 0 0 0 0 0 0 0 0 0 0 0 0 0 0 0 0 0 0 0 0 0 0 0 0 0 0 0 0 0 0 0 0 0 0 0 0 0 0 0 0 0 0 4 4 4 4 0 13 13 13 13 13 5 0 0 0 0 0 
5 5 5 5 5 5 5 5 5 5 5 5 0 4 4 4 4 4 0 0 0 0 0 0 0 0 0 0 0 0 0 0 0 0 0 0 4 4 4 4 4 4 4 4 4 4 4 4 4 4 4 4 4 4 4 4 4 6 6 6 6 4 4 4 4 4 4 0 0 0 4 4 4 4 0 5 5 0 4 4 4 4 0 0 0 0 0 0 0 0 0 0 0 0 0 0 0 0 0 0 0 0 0 0 0 0 0 0 0 0 0 0 0 0 0 0 0 0 0 0 0 0 0 0 0 0 0 0 0 0 0 0 0 0 0 0 0 0 0 0 0 0 0 0 0 0 0 0 0 0 0 0 0 0 0 0 0 0 0 0 0 0 0 0 0 0 0 0 0 0 0 0 0 0 0 0 0 0 0 0 0 0 0 0 4 4 4 4 0 5 13 13 5 0 0 0 0 0 0 0 
5 13 13 13 13 13 13 13 13 13 13 13 8 4 4 4 4 4 0 0 0 0 0 0 0 0 0 0 0 0 0 0 0 0 0 0 4 4 4 4 4 4 4 4 4 4 4 4 4 4 4 4 4 4 4 4 6 6 4 6 6 6 4 4 4 4 4 0 0 0 4 4 4 4 0 5 5 0 4 4 4 4 0 0 0 0 0 0 0 0 0 0 0 0 0 0 0 0 0 0 0 0 0 0 0 0 0 0 0 0 0 0 0 0 0 0 0 0 0 0 0 0 0 0 0 0 0 0 0 0 0 0 0 0 0 0 0 0 0 0 0 0 0 0 0 0 0 0 0 0 0 0 0 0 0 0 0 0 0 0 0 0 0 0 0 0 0 0 0 0 0 0 0 0 0 0 0 0 0 0 0 0 0 0 4 4 4 4 0 4 0 0 0 0 0 0 0 0 0 0 
13 13 13 13 13 13 13 13 13 13 13 13 0 4 4 4 4 4 0 0 0 0 0 0 0 0 0 0 0 0 0 0 0 0 0 0 4 4 4 4 4 4 4 4 4 4 4 4 4 4 4 4 4 4 4 4 4 4 4 6 6 4 4 4 4 4 4 0 0 0 4 4 4 4 0 5 5 0 4 4 4 4 0 0 0 0 0 0 0 0 0 0 0 0 0 0 0 0 0 0 0 0 0 0 0 0 0 0 0 0 0 0 0 0 0 0 0 0 0 0 0 0 0 0 0 0 0 0 0 0 0 0 0 0 0 0 0 0 0 0 0 0 0 0 0 0 0 0 0 0 0 0 0 0 0 0 0 0 0 0 0 0 0 0 0 0 0 0 0 0 0 0 0 0 0 0 0 0 0 0 0 0 0 4 4 4 4 4 0 0 0 0 0 0 0 0 0 0 0 0 
13 13 13 13 13 13 13 13 13 13 13 13 8 4 4 4 4 4 0 0 0 0 0 0 0 0 0 0 0 0 0 0 0 0 0 0 4 4 4 4 4 4 4 4 4 4 4 4 4 4 4 4 4 4 4 4 4 4 6 6 4 4 4 4 4 4 4 0 0 0 4 4 4 4 0 5 5 0 4 4 4 4 4 4 4 4 4 4 4 4 4 4 4 4 4 4 4 4 4 4 4 4 4 4 4 4 4 4 4 4 4 4 4 4 4 4 4 4 4 4 4 4 4 4 4 4 4 4 4 4 4 4 4 4 4 4 4 4 4 4 4 4 4 4 4 4 4 4 4 4 4 4 4 4 4 4 4 4 4 4 4 4 4 4 4 4 4 4 4 4 4 4 4 4 4 4 4 4 4 4 4 4 4 4 4 4 4 4 0 0 0 0 0 0 0 0 0 5 13 13 
13 13 13 13 13 13 13 13 13 13 13 13 8 4 4 4 4 4 0 0 0 4 4 4 4 4 4 4 4 4 4 4 4 4 4 4 4 4 4 4 4 4 4 4 4 4 4 4 4 4 4 4 4 4 4 4 4 6 6 4 4 4 4 4 4 4 4 0 0 0 4 4 4 4 0 5 5 0 4 4 4 4 4 4 4 4 4 4 4 4 4 4 4 4 4 4 4 4 4 4 4 4 4 4 4 4 4 4 4 4 4 4 4 4 4 4 4 4 4 4 4 4 4 4 4 4 4 4 4 4 4 4 4 4 4 4 4 4 4 4 4 4 4 4 4 4 4 4 4 4 4 4 4 4 4 4 4 4 4 4 4 4 4 4 4 4 4 4 4 4 4 4 4 4 4 4 4 4 4 4 4 4 4 4 4 4 4 4 0 0 0 0 0 0 0 0 0 13 13 13 
13 13 13 13 13 13 13 13 13 13 13 13 8 4 4 4 4 4 0 0 0 4 4 4 4 4 4 4 4 4 4 4 4 4 4 4 4 4 4 4 4 4 4 4 4 4 4 4 4 4 4 4 4 4 4 4 6 6 6 4 6 6 4 4 4 4 4 0 0 0 4 4 4 4 0 5 5 0 4 4 4 4 4 4 4 4 4 4 4 4 4 4 4 4 4 4 4 4 4 4 4 4 4 4 4 4 4 4 4 4 4 4 4 4 4 4 4 4 4 4 4 4 4 4 4 4 4 4 4 4 4 4 4 4 4 4 4 4 4 4 4 4 4 4 4 4 4 4 4 4 4 4 4 4 4 4 4 4 4 4 4 4 4 4 4 4 4 4 4 4 4 4 4 4 4 4 4 4 4 4 4 4 4 4 4 4 4 4 0 0 0 0 0 0 0 0 0 13 13 13 
5 13 13 13 13 13 13 13 13 13 13 13 0 4 4 4 4 4 0 0 0 4 4 4 4 4 4 4 4 4 4 4 4 4 4 4 4 4 4 4 4 4 4 4 4 4 4 4 4 4 4 4 4 4 4 4 6 6 6 6 6 6 4 4 4 4 4 0 0 0 4 4 4 4 0 5 5 0 4 4 4 4 4 4 4 4 4 4 4 4 4 4 4 4 4 4 4 4 4 4 4 4 4 4 4 4 4 4 4 4 4 4 4 4 4 4 4 4 4 4 4 4 4 4 4 4 4 4 4 4 4 4 4 4 4 4 4 4 4 4 4 4 4 4 4 4 4 4 4 4 4 4 4 4 4 4 4 4 4 4 4 4 4 4 4 4 4 4 4 4 4 4 4 4 4 4 4 4 4 4 4 4 4 4 4 4 4 4 0 0 0 0 0 0 0 0 5 13 13 13 
5 5 5 13 13 13 13 13 13 13 13 13 0 4 4 4 4 4 0 0 0 4 4 4 4 4 4 6 6 6 4 4 4 4 4 4 4 4 4 4 4 4 4 4 4 4 4 4 4 4 4 4 4 4 4 4 4 4 4 4 4 4 4 4 4 4 4 0 0 0 4 4 4 4 0 5 5 0 0 0 0 0 0 0 0 0 0 0 0 0 0 0 0 0 0 0 0 0 0 0 0 0 0 0 0 0 0 0 0 0 0 0 0 0 0 0 0 0 0 0 0 0 0 0 0 0 0 0 0 0 0 0 0 0 0 0 0 0 0 0 0 0 0 0 0 0 0 0 0 0 0 0 0 0 0 0 0 0 0 0 0 0 0 0 0 0 0 0 0 0 0 0 0 0 0 0 0 0 0 0 0 0 0 0 0 0 0 0 0 0 0 0 0 0 0 5 13 13 13 13 
5 5 5 5 5 13 13 13 13 13 13 13 8 4 4 4 4 4 0 0 0 4 4 4 4 4 6 6 6 6 6 4 4 4 4 4 4 4 4 4 4 4 4 4 4 4 4 4 4 4 4 4 4 4 4 4 4 4 4 4 4 4 4 4 4 4 4 0 0 0 4 4 4 4 0 0 5 5 5 5 5 5 0 0 0 4 0 0 0 0 0 5 8 8 5 0 0 0 0 0 0 0 0 0 0 0 0 0 5 8 8 5 13 13 13 13 13 13 13 13 13 13 5 0 0 5 8 5 13 13 13 13 13 13 13 13 5 5 5 5 5 5 5 0 0 0 5 5 5 5 13 13 5 5 5 5 5 5 0 5 8 8 8 8 8 8 8 5 0 8 7 12 8 5 0 0 5 8 7 7 8 0 0 0 0 0 0 0 0 0 0 0 0 0 0 13 13 13 13 13 
5 5 5 5 5 5 0 5 13 13 13 13 0 4 4 4 4 4 0 0 0 4 4 4 4 4 6 4 4 6 6 4 4 4 4 4 4 4 4 4 4 4 4 4 4 4 4 4 4 4 4 4 4 4 4 4 4 4 4 4 4 4 4 4 4 4 4 0 0 0 4 4 4 4 0 0 0 0 0 0 0 0 0 0 0 0 0 0 0 0 0 0 5 0 0 0 0 0 0 0 0 0 0 0 0 0 0 0 0 0 0 13 13 13 13 13 13 13 13 13 13 13 13 8 0 0 0 13 13 13 13 13 13 13 13 13 13 0 0 0 5 5 5 5 5 5 5 5 5 13 13 13 13 0 5 5 5 5 0 5 8 8 8 8 8 8 8 8 0 8 7 8 12 7 8 0 0 0 8 5 0 0 0 0 0 0 0 0 0 0 0 0 0 0 0 13 13 13 13 13 
5 5 5 5 5 5 5 0 0 0 0 0 0 4 4 4 4 4 0 0 0 4 4 4 4 4 4 4 6 6 6 4 4 4 4 4 4 4 4 4 4 4 4 4 4 4 4 4 4 4 4 4 4 4 4 4 4 4 4 4 4 4 4 4 4 4 4 0 0 0 4 4 4 4 0 0 0 0 0 0 0 0 0 0 0 0 4 0 0 0 0 0 0 0 0 0 0 0 0 0 0 0 0 0 0 0 0 0 0 0 8 13 13 13 13 13 13 13 13 13 13 13 13 7 7 5 0 5 13 13 13 13 13 13 13 13 5 0 0 0 0 5 5 5 5 5 5 5 5 13 13 13 13 13 5 5 5 5 5 0 5 8 8 8 8 8 8 8 0 7 7 5 8 5 7 7 8 0 0 0 0 0 0 0 0 0 0 0 0 0 0 0 0 0 5 13 13 13 13 13 
5 5 5 5 5 5 5 0 7 8 8 8 0 4 4 4 4 4 0 0 0 4 4 4 4 4 4 4 6 6 6 4 4 4 4 4 4 4 4 4 4 4 4 4 4 4 4 4 4 4 4 4 4 4 4 4 4 4 4 4 4 4 4 4 4 4 4 0 0 0 4 4 4 4 0 0 0 0 0 0 0 0 0 0 0 0 0 0 0 0 0 0 0 0 0 0 0 0 0 0 0 0 0 0 0 0 0 0 0 0 0 0 0 13 13 13 13 13 13 13 0 0 0 0 0 0 0 0 0 0 0 0 0 0 0 0 0 0 0 0 0 0 0 0 0 0 0 0 0 0 0 0 13 13 13 5 0 0 0 0 0 0 0 0 0 0 0 0 0 0 0 0 0 0 0 0 0 0 0 0 0 0 0 0 0 0 0 0 0 5 5 5 0 0 13 13 13 13 13 5 
5 5 5 5 5 5 0 8 8 5 5 5 0 4 4 4 4 4 0 0 0 4 4 4 4 4 6 4 4 6 6 4 4 4 4 4 4 4 4 4 4 4 4 4 4 4 4 4 4 4 4 4 4 4 4 4 4 4 4 4 4 4 4 4 4 4 4 0 0 0 4 4 4 4 0 0 0 4 5 0 0 0 7 7 7 7 7 7 7 7 7 7 7 7 7 7 7 7 7 7 7 7 7 7 7 7 7 7 7 7 7 7 0 13 13 13 13 13 13 13 0 7 7 7 7 7 7 7 7 7 7 7 7 7 7 7 7 7 7 7 7 7 7 7 7 7 7 7 7 7 7 0 13 13 13 13 0 7 7 7 7 7 7 7 7 7 7 7 7 7 7 7 7 7 7 7 7 7 7 7 7 7 7 7 7 7 7 0 5 5 5 5 5 5 13 13 13 13 13 0 
5 5 5 5 5 5 0 8 5 5 5 5 0 4 4 4 4 4 0 0 0 4 4 4 4 4 6 6 6 6 6 4 4 4 4 4 4 4 4 4 4 4 4 4 4 4 4 4 4 4 4 4 4 4 4 4 4 4 4 4 4 4 4 4 4 4 4 0 0 0 4 4 4 4 0 0 0 0 5 0 0 0 7 7 8 0 0 0 0 0 8 0 0 0 0 0 0 8 0 8 8 0 8 8 0 0 0 0 8 7 7 7 0 13 13 13 13 13 13 13 0 7 8 0 0 0 0 8 8 0 0 8 8 0 0 0 0 8 0 8 7 0 0 0 0 0 0 8 7 0 0 0 13 13 13 13 0 7 7 7 7 7 7 7 7 7 7 7 7 7 7 7 7 7 7 7 7 7 7 7 7 7 7 7 7 7 7 0 5 5 5 5 5 5 5 5 5 5 5 0 
5 5 5 5 5 5 8 7 5 5 5 5 0 4 4 4 4 4 0 0 0 4 4 4 4 4 4 6 6 6 4 4 4 4 4 4 4 4 4 4 4 4 4 4 4 4 4 4 4 4 4 4 4 4 4 4 4 4 4 4 4 4 4 4 4 4 4 0 0 0 4 4 4 4 0 5 5 0 0 0 0 0 7 8 0 10 10 10 10 0 0 0 10 10 10 10 0 0 10 0 0 10 0 0 10 10 10 10 0 8 7 7 0 13 13 13 13 13 13 13 0 7 0 0 10 10 10 0 0 10 10 0 0 10 10 10 10 0 10 0 8 0 10 10 10 0 2 0 8 10 0 0 13 13 13 13 0 7 7 7 7 7 7 7 7 7 7 7 7 7 7 7 7 7 7 7 7 7 7 7 7 7 7 7 7 7 7 0 5 5 5 5 0 0 0 0 0 0 0 0 
5 5 5 5 5 5 8 5 5 5 5 5 0 4 4 4 4 4 0 0 0 4 4 4 4 4 4 4 4 4 4 4 4 4 4 4 4 4 4 4 4 4 4 4 4 4 4 4 4 4 4 4 4 4 4 4 4 4 4 4 4 4 4 4 4 4 4 0 0 0 4 4 4 4 0 13 13 13 0 0 7 0 7 8 0 10 0 0 10 10 0 10 10 0 0 10 10 0 0 10 10 0 8 8 0 2 10 0 8 8 7 7 0 13 13 13 13 13 13 13 0 7 0 10 0 0 10 0 10 0 0 10 0 10 0 0 10 0 10 0 8 0 10 0 10 0 0 2 0 10 0 0 13 13 13 13 0 7 7 8 8 8 8 8 8 8 8 7 7 8 8 8 8 7 7 8 8 8 8 8 7 8 8 8 8 8 7 0 5 5 5 0 0 0 5 5 5 5 0 0 
5 5 5 5 5 0 7 5 5 5 5 5 0 4 4 4 4 4 0 0 0 4 4 4 4 4 4 4 4 4 4 4 4 4 4 4 4 4 4 4 4 4 4 4 4 4 4 4 4 4 4 4 4 4 4 4 4 4 4 4 4 4 4 4 4 4 4 0 0 0 4 4 4 4 0 13 13 13 0 7 7 0 7 8 0 10 0 8 0 10 0 10 2 2 2 2 0 8 0 10 10 0 8 8 0 2 10 0 8 7 7 7 0 13 13 13 13 13 13 13 0 7 0 10 10 10 0 0 10 2 2 0 0 10 10 10 10 0 10 0 8 0 10 10 10 0 0 0 10 10 0 0 13 13 13 13 0 7 8 0 0 0 8 8 0 0 0 8 8 0 0 0 0 8 8 0 0 0 0 0 8 0 0 8 0 0 8 0 0 5 0 0 0 5 5 5 5 5 0 0 
5 5 5 5 5 5 12 5 5 5 5 5 0 4 4 4 4 4 0 0 0 4 4 4 4 4 4 4 4 4 4 4 4 4 4 4 4 4 4 4 4 4 4 4 4 4 4 4 4 4 4 4 4 4 4 4 4 4 4 4 4 4 4 4 4 4 4 0 0 0 4 4 4 4 0 13 13 13 5 7 8 0 7 8 0 10 0 8 0 10 0 0 10 10 0 0 8 0 10 0 0 10 0 8 0 2 10 0 8 7 7 7 0 13 13 13 13 13 13 13 0 7 0 10 0 0 10 0 10 10 0 8 0 10 0 0 0 0 10 10 0 0 10 0 10 0 8 0 0 10 0 0 13 13 13 13 0 7 0 10 10 10 10 10 10 10 10 0 0 10 10 10 10 0 0 10 10 10 10 0 0 10 0 8 0 10 0 0 0 0 0 0 5 5 5 5 0 0 0 0 
5 5 5 5 0 7 5 5 5 5 5 5 0 4 4 4 4 4 0 0 0 4 4 4 4 4 4 4 4 4 4 4 4 4 4 4 4 4 4 4 4 4 4 4 4 4 4 4 4 4 4 4 4 4 4 4 4 4 4 4 4 4 4 4 4 4 4 0 0 0 4 4 4 4 0 13 13 13 7 13 5 0 7 7 0 0 0 7 0 0 0 0 0 0 0 8 7 8 0 8 8 0 8 7 8 0 0 8 8 7 7 7 0 13 13 13 13 13 13 13 0 7 8 0 0 8 0 0 0 0 8 7 0 0 0 8 7 8 0 0 8 0 0 0 0 0 7 8 0 0 0 0 13 13 13 13 0 7 0 10 0 0 10 10 0 0 10 0 10 10 0 0 10 10 0 10 0 0 10 10 0 10 0 8 0 10 0 0 0 0 5 5 5 5 0 0 0 0 0 8 
5 5 5 5 0 8 5 5 5 5 5 5 0 4 4 4 4 4 0 0 0 0 0 0 0 0 0 0 0 0 0 0 0 0 0 0 0 0 0 0 0 0 0 0 0 0 0 0 0 0 0 0 0 0 0 0 0 0 0 0 0 0 0 0 0 0 0 0 0 0 4 4 4 4 0 13 13 5 13 13 13 0 7 7 7 7 7 7 7 7 7 7 7 7 7 7 7 7 7 7 7 7 7 7 7 7 7 7 7 7 7 7 0 13 13 13 13 13 13 13 0 7 7 7 7 7 7 7 7 7 7 7 7 7 7 7 7 7 7 7 7 7 7 7 7 7 7 7 7 7 7 0 13 13 13 13 0 7 0 10 0 8 10 10 8 0 10 0 10 2 2 2 2 0 0 10 0 8 0 10 0 10 0 0 0 10 0 0 0 5 5 5 0 0 0 0 0 0 0 5 
5 5 5 0 8 8 5 5 5 5 5 5 0 4 4 4 4 4 0 0 0 0 0 0 0 0 0 0 0 0 0 0 0 0 0 0 0 0 0 0 0 0 0 0 0 0 0 0 0 0 0 0 0 0 0 0 0 0 0 0 0 0 0 0 0 0 0 0 0 0 4 4 4 4 0 5 0 12 13 13 13 0 7 0 0 0 8 8 0 0 0 0 0 0 8 0 8 8 0 8 0 0 0 0 0 8 0 0 0 8 7 7 0 13 13 13 13 13 13 13 0 7 7 7 7 7 8 0 8 8 0 0 0 0 0 0 0 0 0 0 8 0 0 8 0 0 0 8 7 7 7 0 13 13 13 13 0 7 0 10 0 8 10 10 8 0 10 0 0 10 10 0 0 8 0 10 0 8 0 10 0 2 10 10 10 10 0 0 0 5 5 5 0 0 0 0 0 8 5 5 
5 5 5 0 8 5 5 5 5 5 5 5 0 4 4 4 4 4 0 0 0 0 0 0 0 0 0 0 0 0 0 0 0 0 0 0 0 0 0 0 0 0 0 0 0 0 0 0 0 0 0 0 0 0 0 0 0 0 0 0 0 0 0 0 0 0 0 0 0 4 4 4 4 4 0 0 5 7 13 13 13 0 7 0 10 0 8 0 0 10 10 10 10 0 0 10 0 0 10 0 0 10 10 10 10 0 0 10 0 8 7 7 0 5 13 13 13 13 13 13 0 7 7 7 7 7 0 10 0 0 0 10 10 0 0 10 0 0 10 0 0 10 10 0 0 10 0 8 7 7 7 0 13 13 13 13 0 7 8 0 0 8 0 0 8 0 0 8 8 0 0 0 8 7 8 0 0 8 8 0 8 0 0 0 0 0 8 0 5 5 5 5 8 0 0 0 0 0 5 5 
0 5 8 5 8 5 5 5 5 5 5 5 0 4 4 4 4 4 4 4 4 4 4 4 4 4 4 4 4 4 4 4 4 4 4 4 4 4 4 4 4 4 4 4 4 4 4 4 4 4 4 4 4 4 4 4 4 4 4 4 4 4 4 4 4 4 4 4 4 4 4 4 4 4 0 0 12 7 13 13 13 0 7 0 10 0 8 0 10 10 0 0 10 10 0 10 0 0 10 0 10 10 0 0 10 10 0 10 0 8 7 7 0 0 5 13 13 13 13 13 0 7 7 7 7 7 0 10 0 0 10 0 0 10 0 10 0 0 10 0 10 0 0 10 0 10 0 8 7 7 7 0 13 13 13 13 0 7 7 8 8 8 8 8 8 8 8 7 7 8 8 8 7 7 7 8 8 7 8 8 7 8 8 8 8 8 7 0 5 5 5 5 5 8 5 0 0 0 5 5 
0 0 0 8 8 5 5 5 5 5 5 0 0 4 4 4 4 4 4 4 4 4 4 4 4 4 4 4 4 4 4 4 4 4 4 4 4 4 4 4 4 4 4 4 4 4 4 4 4 4 4 4 4 4 4 4 4 4 4 4 4 4 4 4 4 4 4 4 4 4 4 4 4 4 0 5 7 5 13 13 13 0 7 0 10 0 0 0 10 2 2 2 2 0 8 0 10 0 10 0 10 10 10 10 10 0 0 10 0 0 7 7 0 0 0 0 5 13 13 5 0 7 7 7 7 7 0 10 0 0 10 2 2 0 0 0 10 0 10 0 10 10 10 0 0 10 0 0 8 7 7 0 13 13 13 13 0 7 7 7 7 7 7 7 7 7 7 7 7 7 7 7 7 7 7 7 7 7 7 7 7 7 7 7 7 7 7 0 5 5 5 5 5 5 5 8 0 0 0 5 
0 0 0 5 5 5 5 5 5 5 0 0 0 4 4 4 4 4 4 4 4 4 4 4 4 4 4 4 4 4 4 4 4 4 4 4 4 4 4 4 4 4 4 4 4 4 4 4 4 4 4 4 4 4 4 4 4 4 4 4 4 4 4 4 4 4 4 4 4 4 4 4 4 4 0 7 7 13 13 13 13 0 7 0 0 10 10 0 0 10 10 0 0 8 7 8 0 10 0 0 0 10 10 0 0 8 0 0 10 10 0 7 0 0 0 0 0 5 0 0 0 7 7 7 7 7 0 10 10 0 10 10 0 0 8 0 0 10 0 0 10 10 0 0 0 10 10 0 0 7 7 0 13 13 13 13 0 7 7 7 7 7 7 7 7 7 7 7 7 7 7 7 7 7 7 7 7 7 7 7 7 7 7 7 7 7 7 0 5 5 5 5 5 5 5 8 0 0 0 5 
0 0 0 0 5 5 5 5 5 0 0 0 0 4 4 4 4 4 4 4 4 4 4 4 4 4 4 4 4 4 4 4 4 4 4 4 4 4 4 4 4 4 4 4 4 4 4 4 4 4 4 4 4 4 4 4 4 4 4 4 4 4 4 4 4 4 4 4 4 4 4 4 4 4 0 7 8 13 13 13 13 0 7 8 0 0 0 8 0 0 0 0 8 7 7 8 0 0 0 8 0 0 0 0 8 7 8 0 0 0 7 7 0 5 0 0 0 0 0 0 0 7 7 7 7 7 8 0 0 8 0 0 0 8 7 8 0 0 8 8 0 0 0 8 0 0 0 0 0 7 7 0 13 13 13 13 0 7 7 7 7 7 7 7 7 7 7 7 7 7 7 7 7 7 7 7 7 7 7 7 7 7 7 7 7 7 7 0 5 5 5 5 5 5 5 5 8 8 0 8 
0 0 0 0 0 5 5 5 0 0 0 0 0 0 0 0 0 0 0 0 0 0 0 0 0 0 0 0 0 0 0 0 0 0 0 0 0 0 0 0 0 13 13 4 0 0 0 0 0 0 0 0 0 0 0 0 0 0 0 0 0 0 0 0 0 0 0 0 0 0 0 0 0 0 0 7 8 13 13 13 13 0 0 0 0 0 0 0 0 0 0 0 0 0 0 0 0 0 0 0 0 0 0 0 0 0 0 0 0 0 0 0 0 5 5 0 0 0 0 0 0 7 0 0 0 0 0 0 0 0 0 0 0 0 0 0 0 0 0 0 0 0 0 0 0 0 0 0 0 0 0 0 13 13 13 13 0 0 0 0 0 0 0 0 0 0 0 0 0 0 0 0 0 0 0 0 0 0 0 0 0 0 0 0 0 0 0 0 5 5 5 5 5 5 5 5 5 5 0 0 
5 0 0 0 0 0 5 0 0 0 0 0 0 0 0 0 0 0 0 5 13 13 13 13 13 13 13 13 13 13 13 13 13 5 0 0 0 0 5 13 13 13 13 13 5 0 0 0 0 0 0 0 0 0 0 0 0 0 4 5 5 5 8 0 4 4 4 5 5 5 5 5 5 5 7 12 5 13 13 13 13 13 13 5 8 0 0 0 0 0 5 5 7 8 0 0 0 5 5 5 5 5 5 5 5 0 0 0 5 5 5 5 5 5 5 5 5 0 0 0 0 5 5 5 5 5 5 5 5 5 0 0 0 0 0 0 0 0 0 0 8 7 13 13 13 13 13 13 13 13 13 13 13 13 13 13 13 13 13 13 13 13 13 13 13 13 13 13 5 0 0 0 0 0 0 8 12 5 0 0 8 5 5 5 5 5 5 5 5 5 5 5 5 5 5 5 5 5 0 0 
5 0 0 0 0 0 0 0 0 0 0 0 0 0 0 0 0 0 0 13 13 13 13 13 13 13 13 13 13 13 13 13 13 13 5 0 0 0 13 13 13 13 13 5 5 5 0 0 0 0 0 0 0 0 0 0 0 5 5 5 5 5 5 0 0 5 5 5 5 5 5 5 5 8 8 7 13 13 13 13 13 13 13 13 0 0 0 0 0 5 5 5 5 5 8 8 0 0 0 5 5 5 5 5 5 5 0 0 0 5 5 5 5 5 5 5 5 5 5 5 5 5 5 5 5 5 5 5 5 0 0 0 0 0 0 0 0 0 0 0 0 5 13 13 13 13 13 13 13 13 13 13 13 13 13 13 13 13 13 13 13 13 13 13 13 13 13 13 13 0 0 0 0 0 0 0 0 0 0 0 5 5 5 5 5 5 5 5 5 5 5 5 8 5 5 5 5 8 0 0 
0 5 0 0 0 0 0 0 0 0 0 0 0 0 0 0 0 0 0 5 13 13 13 13 13 13 13 13 13 13 13 13 13 5 5 0 0 5 13 13 13 13 5 0 0 5 0 0 0 0 0 0 0 0 0 0 5 5 5 5 5 5 5 5 0 5 5 5 5 5 8 8 8 8 8 7 13 13 13 13 13 13 13 5 0 0 0 0 5 5 5 5 5 5 5 5 7 8 0 0 0 5 5 5 5 5 0 0 0 0 5 5 5 5 5 5 5 5 5 5 5 5 5 5 5 5 5 13 13 5 0 0 0 0 0 0 0 0 0 0 0 0 5 13 13 13 13 13 13 13 13 13 13 13 13 13 13 13 13 13 13 13 13 13 13 13 13 13 13 5 0 0 0 0 0 0 0 0 0 8 5 5 5 5 5 5 5 5 5 5 5 8 5 13 5 5 8 0 0 0 
0 5 0 0 0 0 0 0 0 0 0 0 0 0 0 0 0 0 5 13 13 13 13 13 13 13 13 13 13 13 13 13 13 13 13 5 0 12 13 13 13 13 0 0 0 0 0 0 0 0 0 8 8 8 8 8 8 8 5 5 5 5 8 8 0 0 5 5 0 5 12 8 8 5 8 12 13 13 13 13 13 13 5 0 0 0 0 5 5 5 5 5 5 5 5 5 5 5 8 8 0 0 0 5 5 5 5 5 0 0 5 5 5 5 5 5 5 5 5 5 5 5 5 5 5 5 13 13 13 13 13 5 0 0 0 0 0 0 0 0 0 0 0 5 13 13 13 13 13 13 13 13 13 13 13 13 13 13 13 13 13 13 13 13 13 13 13 13 13 13 5 0 0 0 0 0 0 0 0 5 5 5 5 5 5 5 5 5 5 5 5 8 13 13 13 5 0 0 0 0 
0 5 0 0 0 0 0 0 0 0 0 0 0 0 0 0 0 5 13 13 13 13 13 13 13 13 13 13 13 13 13 13 13 13 13 13 5 5 13 13 13 13 13 13 5 0 0 0 0 0 5 5 5 5 5 5 5 5 5 5 5 5 5 5 0 0 7 12 0 0 0 5 5 8 8 13 13 13 13 13 13 0 0 0 0 0 5 5 5 5 5 5 0 0 5 5 5 5 5 5 8 8 0 0 0 5 5 5 0 0 0 5 5 5 5 5 5 5 5 5 5 5 5 5 5 13 13 13 13 13 13 13 13 5 0 0 0 0 0 0 0 0 0 0 5 7 13 13 13 13 13 13 13 13 13 13 13 13 13 13 13 13 13 13 13 13 13 13 13 13 13 0 0 0 0 0 0 0 0 5 5 5 5 5 5 5 5 5 5 5 5 8 13 13 13 5 0 0 0 0 
0 5 0 0 0 0 0 0 0 0 0 0 0 0 0 0 0 5 13 13 13 13 13 13 13 13 13 13 13 13 13 13 13 13 13 13 13 5 5 13 13 13 13 13 13 13 13 13 5 0 5 5 5 5 5 5 5 5 5 5 5 5 5 5 0 0 7 7 7 8 0 0 0 5 5 13 13 13 13 13 13 0 0 0 0 5 5 5 5 5 5 5 0 0 5 5 5 5 5 5 5 5 8 8 0 0 0 5 5 0 0 0 5 5 5 5 5 5 5 5 5 5 5 5 5 13 13 13 13 13 13 13 13 13 5 5 5 0 0 0 0 0 0 0 0 8 13 13 13 13 13 13 13 13 13 13 13 13 13 13 13 13 13 13 13 13 13 13 13 13 13 0 0 0 0 0 0 0 0 0 5 5 5 5 5 5 5 5 5 5 8 5 13 13 13 13 13 0 0 0 
0 0 5 0 0 0 0 0 0 0 0 0 0 0 0 0 5 13 13 13 13 13 13 13 13 13 13 13 13 13 13 13 13 13 13 13 13 8 5 0 13 13 13 13 13 13 13 13 13 0 0 5 5 5 5 5 5 5 5 5 5 5 5 5 0 5 7 7 7 7 7 8 5 0 0 5 13 13 13 13 5 0 0 0 5 5 5 5 5 5 5 0 0 5 5 5 5 5 5 5 5 5 5 5 8 8 5 0 0 0 0 0 0 5 5 5 5 5 5 5 5 5 5 5 13 13 13 13 5 13 13 13 13 13 13 13 5 5 0 0 0 0 0 0 0 0 8 13 13 13 13 13 13 13 13 13 13 13 13 13 13 13 13 13 13 13 13 13 13 13 5 0 0 0 0 0 0 0 0 0 5 5 5 5 5 5 5 5 5 5 8 13 13 13 13 13 13 13 0 0 
