6 160
---
-1 -1 -1 -1 -1 -1 
-1 -1 -1 -1 -1 -1 
-1 -1 -1 -1 -1 -1 
-1 -1 -1 -1 -1 -1 
-1 -1 3 8 -1 -1 
-1 1 11 15 -1 -1 
-1 14 1 1 8 -1 
-1 6 1 5 -1 -1 
-1 6 1 1 8 -1 
-1 2 9 -1 -1 -1 
-1 -1 -1 -1 -1 -1 
-1 -1 -1 -1 -1 -1 
-1 -1 -1 -1 -1 -1 
-1 -1 -1 -1 -1 -1 
-1 -1 3 8 -1 -1 
-1 -1 11 15 -1 -1 
-1 -1 5 6 8 -1 
-1 -1 6 7 -1 -1 
-1 -1 6 6 -1 -1 
-1 8 7 -1 -1 -1 
-1 -1 -1 -1 -1 -1 
-1 -1 -1 -1 -1 -1 
-1 -1 -1 -1 -1 -1 
-1 -1 -1 -1 -1 -1 
-1 -1 3 6 6 -1 
-1 -1 11 9 6 2 
-1 -1 1 14 8 2 
-1 -1 1 1 -1 6 
-1 -1 1 9 -1 -1 
-1 8 9 -1 -1 -1 
-1 -1 -1 -1 -1 -1 
-1 6 6 6 6 -1 
-1 8 6 6 6 6 
-1 -1 -1 8 -1 -1 
-1 -1 -1 8 -1 -1 
-1 -1 7 7 -1 -1 
-1 -1 1 1 8 -1 
-1 -1 1 5 -1 -1 
-1 -1 5 1 8 -1 
-1 -1 9 -1 -1 -1 
-1 2 6 6 -1 -1 
6 14 6 7 7 -1 
-1 -1 1 -1 -1 -1 
-1 -1 7 -1 -1 -1 
-1 -1 8 8 3 -1 
-1 -1 8 7 15 -1 
-1 -1 1 1 -1 -1 
8 9 1 7 -1 -1 
-1 1 1 -1 -1 -1 
-1 -1 8 -1 -1 -1 
-1 6 6 6 -1 -1 
6 14 6 7 7 -1 
-1 -1 1 -1 -1 -1 
-1 -1 7 -1 -1 -1 
-1 -1 8 8 3 -1 
-1 -1 8 7 15 -1 
-1 -1 1 1 -1 -1 
8 9 1 7 -1 -1 
-1 1 1 -1 -1 -1 
-1 -1 8 -1 -1 -1 
-1 6 6 6 -1 -1 
6 14 6 7 7 -1 
-1 -1 1 -1 -1 -1 
-1 -1 7 2 2 -1 
-1 -1 8 11 11 -1 
-1 -1 8 9 -1 -1 
-1 -1 1 9 8 -1 
-1 8 1 1 -1 -1 
-1 8 1 1 -1 -1 
-1 -1 -1 15 -1 -1 
-1 6 6 6 -1 -1 
6 14 6 7 7 -1 
-1 -1 1 -1 -1 -1 
-1 -1 7 2 2 -1 
-1 -1 8 11 11 -1 
-1 -1 8 9 -1 -1 
-1 -1 1 9 8 -1 
-1 8 1 1 -1 -1 
-1 8 1 1 -1 -1 
-1 -1 -1 15 -1 -1 
-1 6 6 6 -1 -1 
6 14 6 8 7 -1 
-1 -1 1 -1 -1 -1 
-1 -1 7 11 7 -1 
-1 -1 8 3 7 -1 
-1 -1 -1 1 8 -1 
-1 -1 -1 9 -1 8 
-1 -1 1 9 -1 -1 
-1 7 9 1 -1 -1 
-1 -1 -1 8 8 -1 
-1 6 6 6 -1 -1 
6 14 6 8 7 -1 
-1 -1 1 -1 -1 -1 
-1 -1 7 11 7 -1 
-1 -1 8 3 7 -1 
-1 -1 -1 1 8 -1 
-1 -1 -1 9 -1 8 
-1 -1 1 9 -1 -1 
-1 7 9 1 -1 -1 
-1 -1 -1 8 8 -1 
-1 6 6 6 -1 -1 
6 14 6 8 7 -1 
-1 -1 1 -1 -1 -1 
-1 -1 7 11 -1 -1 
-1 -1 8 11 8 -1 
-1 -1 8 1 -1 -1 
-1 -1 1 1 -1 -1 
-1 -1 1 1 8 -1 
-1 -1 8 1 8 -1 
-1 -1 8 -1 -1 -1 
-1 6 6 6 -1 -1 
6 14 6 8 7 -1 
-1 -1 1 -1 -1 -1 
-1 -1 7 11 -1 -1 
-1 -1 8 11 8 -1 
-1 -1 8 1 -1 -1 
-1 -1 1 1 -1 -1 
-1 -1 1 1 8 -1 
-1 -1 8 1 8 -1 
-1 -1 8 -1 -1 -1 
-1 6 6 6 -1 -1 
6 14 6 8 7 -1 
-1 -1 1 -1 -1 -1 
-1 -1 7 11 7 -1 
-1 -1 8 3 7 -1 
-1 -1 -1 1 8 -1 
-1 -1 -1 9 -1 8 
-1 -1 1 9 -1 -1 
-1 7 9 1 -1 -1 
-1 -1 -1 8 8 -1 
-1 6 6 6 -1 -1 
6 14 6 8 7 -1 
-1 -1 1 -1 -1 -1 
-1 -1 7 11 7 -1 
-1 -1 8 3 7 -1 
-1 -1 -1 1 8 -1 
-1 -1 -1 9 -1 8 
-1 -1 1 9 -1 -1 
-1 7 9 1 -1 -1 
-1 -1 -1 8 8 -1 
-1 6 6 6 -1 -1 
6 14 6 7 7 -1 
-1 -1 1 -1 -1 -1 
-1 -1 7 2 2 -1 
-1 -1 8 11 11 -1 
-1 -1 8 9 -1 -1 
-1 -1 1 9 8 -1 
-1 8 1 1 -1 -1 
-1 8 1 1 -1 -1 
-1 -1 -1 15 -1 -1 
-1 6 6 6 -1 -1 
6 14 6 7 7 -1 
-1 -1 1 -1 -1 -1 
-1 -1 7 2 2 -1 
-1 -1 8 11 11 -1 
-1 -1 8 9 -1 -1 
-1 -1 1 9 8 -1 
-1 8 1 1 -1 -1 
-1 8 1 1 -1 -1 
-1 -1 -1 7 -1 -1 
