8 128
---
-1 -1 -1 -1 5 -1 -1 -1 
-1 -1 -1 -1 -1 5 -1 -1 
-1 -1 -1 -1 -1 -1 -1 -1 
-1 -1 -1 -1 -1 -1 8 -1 
-1 -1 -1 2 2 7 -1 -1 
-1 -1 7 2 2 -1 -1 -1 
-1 -1 8 1 1 9 -1 -1 
-1 -1 -1 -1 -1 -1 -1 -1 
-1 -1 -1 -1 5 -1 -1 5 
-1 -1 -1 -1 -1 -1 5 -1 
-1 -1 -1 -1 -1 -1 -1 -1 
-1 -1 -1 -1 -1 -1 -1 -1 
-1 -1 -1 -1 2 8 8 -1 
-1 -1 -1 2 2 8 -1 -1 
-1 -1 7 8 1 5 -1 -1 
-1 -1 -1 -1 -1 -1 -1 -1 
-1 -1 -1 -1 -1 -1 5 -1 
-1 -1 -1 -1 -1 -1 -1 -1 
-1 -1 -1 -1 -1 5 -1 -1 
-1 -1 -1 -1 -1 -1 -1 -1 
-1 -1 -1 -1 2 -1 -1 -1 
-1 -1 -1 2 2 8 -1 -1 
-1 -1 8 7 1 8 -1 -1 
-1 -1 -1 8 -1 -1 -1 -1 
-1 -1 -1 -1 -1 -1 5 -1 
-1 -1 -1 -1 5 -1 -1 -1 
-1 -1 -1 -1 -1 -1 -1 5 
-1 -1 -1 -1 -1 5 -1 -1 
-1 -1 -1 -1 -1 -1 -1 -1 
-1 -1 -1 2 2 8 -1 -1 
-1 -1 8 7 1 5 -1 -1 
-1 -1 -1 8 8 -1 -1 -1 
-1 -1 -1 -1 -1 -1 -1 -1 
-1 -1 -1 -1 -1 -1 -1 -1 
-1 -1 -1 -1 -1 -1 -1 -1 
-1 -1 -1 -1 -1 5 -1 -1 
-1 -1 -1 2 2 -1 -1 -1 
-1 -1 -1 8 2 7 -1 -1 
-1 -1 7 9 1 8 -1 -1 
-1 -1 -1 -1 -1 -1 -1 -1 
-1 -1 -1 -1 -1 -1 -1 -1 
-1 -1 -1 -1 -1 -1 5 -1 
-1 -1 -1 -1 -1 -1 -1 -1 
-1 -1 12 -1 -1 -1 -1 -1 
-1 -1 7 2 2 -1 5 -1 
-1 -1 -1 7 9 7 -1 -1 
-1 -1 8 1 1 7 -1 -1 
-1 -1 -1 -1 -1 -1 -1 -1 
-1 -1 -1 -1 -1 -1 -1 -1 
-1 -1 -1 -1 -1 -1 -1 -1 
-1 5 5 -1 -1 -1 5 -1 
-1 -1 8 2 2 -1 -1 -1 
-1 -1 7 7 8 8 -1 -1 
-1 -1 -1 9 1 8 -1 -1 
-1 -1 8 1 1 5 -1 -1 
-1 -1 -1 -1 -1 -1 -1 -1 
-1 -1 -1 -1 -1 -1 -1 -1 
-1 5 -1 -1 -1 -1 -1 -1 
-1 5 -1 -1 -1 -1 5 -1 
-1 7 -1 2 -1 -1 -1 -1 
-1 -1 8 7 8 -1 -1 -1 
-1 -1 -1 9 1 8 -1 -1 
-1 -1 8 1 1 8 -1 -1 
-1 -1 -1 -1 -1 -1 -1 -1 
-1 -1 5 -1 -1 -1 -1 -1 
-1 5 -1 -1 -1 -1 -1 -1 
-1 -1 -1 -1 -1 -1 -1 -1 
-1 -1 8 -1 -1 -1 -1 -1 
-1 -1 8 2 2 -1 -1 -1 
-1 -1 -1 2 2 7 -1 -1 
-1 -1 8 1 1 7 -1 -1 
-1 -1 -1 -1 -1 -1 -1 -1 
5 5 -1 -1 -1 -1 -1 -1 
-1 -1 -1 -1 -1 -1 -1 -1 
-1 -1 -1 -1 -1 -1 -1 -1 
-1 -1 -1 -1 -1 -1 -1 -1 
-1 -1 7 -1 2 -1 -1 -1 
-1 -1 -1 2 2 8 -1 -1 
-1 -1 8 1 1 7 -1 -1 
-1 -1 -1 -1 -1 -1 -1 -1 
-1 5 -1 -1 -1 -1 -1 -1 
-1 -1 -1 -1 -1 -1 -1 -1 
-1 -1 -1 -1 -1 -1 -1 -1 
-1 -1 -1 -1 -1 -1 -1 -1 
-1 -1 -1 2 -1 -1 -1 -1 
-1 -1 8 2 2 -1 -1 -1 
-1 -1 8 1 1 15 -1 -1 
-1 -1 -1 -1 12 -1 -1 -1 
-1 5 -1 -1 -1 -1 -1 -1 
-1 -1 -1 -1 -1 -1 -1 -1 
5 -1 -1 -1 -1 -1 -1 -1 
-1 -1 -1 -1 -1 -1 -1 -1 
-1 -1 -1 -1 -1 -1 -1 -1 
-1 -1 8 2 2 -1 -1 -1 
-1 -1 8 9 9 14 -1 -1 
-1 -1 -1 -1 8 -1 -1 -1 
-1 -1 -1 -1 -1 -1 -1 -1 
-1 -1 -1 -1 -1 -1 -1 -1 
-1 -1 -1 -1 -1 -1 -1 -1 
5 -1 -1 -1 -1 -1 -1 -1 
-1 -1 -1 -1 2 -1 -1 -1 
-1 -1 8 8 8 8 -1 -1 
-1 -1 8 9 1 7 -1 -1 
-1 -1 -1 -1 -1 -1 -1 -1 
-1 -1 -1 -1 -1 -1 -1 -1 
-1 5 -1 -1 -1 -1 -1 -1 
-1 -1 -1 5 -1 -1 -1 -1 
5 -1 -1 -1 -1 13 -1 -1 
-1 -1 -1 2 8 8 -1 -1 
-1 -1 8 9 9 8 -1 -1 
-1 -1 8 1 1 5 -1 -1 
-1 -1 -1 -1 -1 -1 -1 -1 
-1 -1 -1 -1 -1 -1 -1 -1 
-1 -1 -1 -1 -1 -1 -1 -1 
-1 -1 -1 -1 -1 -1 13 -1 
-1 -1 -1 2 2 -1 8 -1 
5 -1 -1 8 15 7 -1 -1 
-1 -1 8 9 9 -1 -1 -1 
-1 -1 8 1 1 9 -1 -1 
-1 -1 -1 -1 -1 -1 -1 -1 
-1 -1 -1 -1 -1 -1 -1 -1 
-1 -1 -1 -1 -1 -1 13 -1 
-1 5 -1 -1 -1 -1 13 -1 
-1 -1 -1 -1 2 -1 7 -1 
-1 -1 -1 8 8 8 8 -1 
-1 -1 8 5 9 1 -1 -1 
-1 -1 8 9 1 9 -1 -1 
-1 -1 -1 -1 -1 -1 -1 -1 
