11 160
---
-1 -1 -1 -1 -1 -1 5 -1 -1 -1 -1 
-1 -1 -1 -1 -1 -1 -1 5 -1 -1 -1 
-1 -1 -1 -1 -1 -1 -1 5 13 -1 -1 
-1 -1 -1 -1 -1 -1 -1 -1 -1 -1 -1 
-1 -1 -1 -1 -1 -1 -1 -1 7 -1 -1 
-1 -1 -1 -1 -1 2 2 7 -1 -1 -1 
-1 -1 -1 7 8 2 2 -1 -1 -1 -1 
-1 -1 8 8 1 9 1 -1 -1 -1 -1 
-1 -1 -1 8 1 -1 1 8 -1 -1 -1 
-1 -1 -1 -1 -1 -1 -1 -1 -1 -1 -1 
-1 -1 -1 -1 -1 -1 13 -1 13 -1 5 
-1 -1 -1 -1 -1 -1 -1 -1 -1 5 -1 
-1 -1 -1 -1 -1 -1 -1 5 -1 -1 -1 
-1 -1 -1 -1 -1 -1 -1 -1 -1 -1 -1 
-1 -1 -1 -1 -1 -1 -1 -1 -1 -1 -1 
-1 -1 -1 -1 -1 2 2 -1 14 -1 -1 
-1 -1 -1 -1 2 2 2 7 -1 -1 -1 
-1 -1 -1 8 8 2 2 -1 -1 -1 -1 
-1 -1 -1 7 7 -1 1 8 -1 -1 -1 
-1 -1 -1 -1 -1 -1 -1 -1 -1 -1 -1 
-1 -1 -1 -1 -1 -1 -1 -1 13 -1 -1 
-1 -1 -1 -1 -1 -1 13 -1 -1 -1 -1 
-1 -1 -1 -1 -1 -1 -1 -1 -1 -1 -1 
-1 -1 -1 -1 -1 -1 -1 5 -1 -1 -1 
-1 -1 -1 -1 -1 -1 -1 -1 -1 -1 -1 
-1 -1 -1 -1 -1 -1 2 -1 -1 -1 -1 
-1 -1 -1 -1 -1 2 2 8 8 -1 -1 
-1 -1 -1 -1 8 2 2 8 -1 -1 -1 
-1 -1 -1 8 7 1 1 8 -1 -1 -1 
-1 -1 -1 -1 -1 14 -1 -1 -1 -1 -1 
-1 -1 -1 -1 -1 -1 -1 -1 13 -1 -1 
-1 -1 -1 -1 -1 -1 5 -1 -1 -1 -1 
-1 -1 -1 -1 -1 -1 -1 -1 -1 -1 -1 
-1 -1 -1 -1 -1 -1 -1 -1 -1 -1 -1 
-1 -1 -1 -1 -1 -1 -1 -1 -1 -1 -1 
-1 -1 -1 -1 -1 -1 -1 -1 -1 -1 -1 
-1 -1 -1 -1 -1 2 2 7 8 -1 -1 
-1 -1 -1 -1 8 2 -1 -1 -1 -1 -1 
-1 -1 -1 8 7 9 9 8 -1 -1 -1 
-1 -1 -1 -1 -1 -1 -1 -1 -1 -1 -1 
-1 -1 -1 -1 -1 -1 -1 -1 -1 -1 -1 
-1 -1 -1 -1 -1 -1 -1 -1 5 -1 -1 
-1 -1 -1 -1 -1 -1 13 -1 -1 -1 -1 
-1 -1 -1 -1 -1 -1 -1 -1 -1 -1 -1 
-1 -1 -1 -1 -1 -1 -1 5 5 -1 -1 
-1 -1 -1 -1 -1 2 -1 -1 -1 -1 -1 
-1 -1 -1 -1 8 2 2 8 -1 -1 -1 
-1 -1 -1 7 7 1 1 7 -1 -1 -1 
-1 -1 -1 8 1 1 1 8 -1 -1 -1 
-1 -1 -1 -1 -1 -1 -1 -1 -1 -1 -1 
-1 -1 -1 -1 -1 -1 -1 -1 -1 -1 -1 
-1 -1 -1 -1 -1 -1 -1 -1 -1 5 -1 
-1 -1 -1 -1 -1 -1 -1 -1 -1 -1 -1 
-1 -1 -1 -1 -1 -1 -1 5 -1 -1 -1 
-1 -1 -1 12 -1 2 -1 -1 -1 -1 -1 
-1 -1 13 7 -1 2 2 -1 13 -1 -1 
-1 -1 -1 8 7 7 8 7 -1 -1 -1 
-1 -1 -1 -1 9 9 1 7 -1 -1 -1 
-1 -1 -1 8 1 -1 1 8 -1 -1 -1 
-1 -1 -1 -1 -1 -1 -1 -1 -1 -1 -1 
-1 -1 -1 -1 -1 -1 -1 -1 -1 -1 -1 
-1 -1 -1 -1 -1 -1 -1 -1 -1 -1 -1 
-1 -1 13 -1 13 -1 -1 -1 -1 5 -1 
-1 -1 13 -1 -1 -1 -1 -1 -1 -1 -1 
-1 -1 8 -1 2 2 2 -1 -1 -1 -1 
-1 -1 -1 14 8 15 2 2 -1 -1 -1 
-1 -1 -1 -1 7 9 1 14 -1 -1 -1 
-1 -1 -1 -1 9 9 1 -1 -1 -1 -1 
-1 -1 -1 8 1 -1 1 8 -1 -1 -1 
-1 -1 -1 -1 -1 -1 -1 -1 -1 -1 -1 
-1 -1 -1 -1 -1 -1 -1 -1 -1 -1 -1 
-1 -1 4 -1 5 -1 -1 -1 -1 -1 -1 
-1 -1 5 -1 -1 -1 -1 -1 -1 -1 -1 
-1 -1 13 -1 -1 -1 -1 -1 -1 5 -1 
-1 -1 8 -1 2 2 -1 -1 -1 -1 -1 
-1 -1 8 8 15 8 2 -1 -1 -1 -1 
-1 -1 -1 8 9 9 8 14 8 -1 -1 
-1 -1 -1 -1 9 9 1 -1 -1 -1 -1 
-1 -1 -1 8 1 -1 1 8 -1 -1 -1 
-1 -1 -1 -1 -1 -1 -1 -1 -1 -1 -1 
-1 -1 -1 13 -1 -1 -1 -1 -1 -1 -1 
-1 5 -1 -1 -1 -1 -1 -1 -1 -1 -1 
-1 13 5 -1 -1 -1 -1 -1 -1 -1 -1 
-1 -1 -1 -1 -1 -1 -1 -1 -1 -1 -1 
-1 -1 8 -1 -1 -1 -1 -1 -1 -1 -1 
-1 -1 -1 7 8 2 2 -1 -1 -1 -1 
-1 -1 -1 -1 2 2 2 7 -1 -1 -1 
-1 -1 -1 -1 9 1 1 8 8 -1 -1 
-1 -1 -1 8 1 -1 1 8 -1 -1 -1 
-1 -1 -1 -1 -1 -1 -1 -1 -1 -1 -1 
13 -1 5 -1 13 -1 -1 -1 -1 -1 -1 
-1 5 -1 -1 -1 -1 -1 -1 -1 -1 -1 
-1 -1 5 -1 -1 -1 -1 -1 -1 -1 -1 
-1 -1 -1 -1 -1 -1 -1 -1 -1 -1 -1 
-1 -1 -1 -1 -1 -1 -1 -1 -1 -1 -1 
-1 -1 8 7 -1 10 -1 -1 -1 -1 -1 
-1 -1 -1 8 8 2 2 -1 -1 -1 -1 
-1 -1 -1 -1 9 2 2 14 -1 -1 -1 
-1 -1 -1 8 1 -1 1 7 -1 -1 -1 
-1 -1 -1 -1 -1 -1 -1 -1 -1 -1 -1 
-1 -1 13 -1 5 -1 -1 -1 -1 -1 -1 
5 -1 -1 -1 5 -1 -1 -1 -1 -1 -1 
5 -1 -1 -1 -1 -1 -1 -1 -1 -1 -1 
-1 -1 5 -1 -1 -1 -1 -1 -1 -1 -1 
-1 -1 -1 -1 -1 -1 -1 -1 -1 -1 -1 
-1 -1 -1 -1 -1 2 -1 -1 -1 -1 -1 
-1 -1 8 7 8 2 2 -1 -1 -1 -1 
-1 -1 -1 -1 9 2 2 7 -1 -1 -1 
-1 -1 -1 8 1 1 1 14 -1 -1 -1 
-1 -1 -1 -1 -1 8 8 -1 -1 -1 -1 
-1 -1 5 -1 -1 -1 -1 -1 -1 -1 -1 
-1 -1 -1 -1 5 -1 -1 -1 -1 -1 -1 
-1 -1 -1 -1 -1 -1 -1 -1 -1 -1 -1 
5 -1 -1 -1 -1 -1 -1 -1 -1 -1 -1 
-1 -1 -1 -1 -1 -1 -1 -1 -1 -1 -1 
-1 -1 -1 -1 -1 -1 -1 -1 -1 -1 -1 
-1 -1 -1 7 8 2 2 -1 -1 -1 -1 
-1 -1 -1 -1 8 2 2 8 -1 -1 -1 
-1 -1 -1 8 1 9 7 14 -1 -1 -1 
-1 -1 -1 -1 -1 -1 -1 -1 -1 -1 -1 
-1 -1 -1 -1 -1 -1 -1 -1 -1 -1 -1 
-1 -1 -1 -1 -1 -1 -1 -1 -1 -1 -1 
-1 -1 -1 -1 5 -1 -1 -1 -1 -1 -1 
-1 -1 -1 -1 -1 -1 -1 -1 -1 -1 -1 
-1 -1 5 -1 -1 -1 -1 -1 -1 -1 -1 
-1 -1 -1 -1 -1 2 2 -1 -1 -1 -1 
-1 -1 -1 8 8 2 8 -1 -1 -1 -1 
-1 -1 -1 14 5 9 9 14 -1 -1 -1 
-1 -1 -1 8 1 1 1 8 -1 -1 -1 
-1 -1 -1 -1 -1 -1 -1 -1 -1 -1 -1 
-1 -1 -1 -1 -1 -1 -1 -1 -1 -1 -1 
-1 -1 5 -1 -1 -1 -1 -1 -1 -1 -1 
-1 -1 -1 -1 -1 -1 -1 -1 -1 -1 -1 
-1 -1 -1 -1 13 -1 -1 -1 -1 -1 -1 
5 -1 -1 -1 -1 2 -1 8 4 -1 -1 
-1 -1 5 -1 -1 2 2 8 13 -1 -1 
-1 -1 -1 8 8 9 8 14 -1 -1 -1 
-1 -1 -1 14 9 9 1 -1 -1 -1 -1 
-1 -1 -1 -1 1 -1 1 8 -1 -1 -1 
-1 -1 -1 -1 -1 -1 -1 -1 -1 -1 -1 
-1 -1 -1 -1 -1 -1 -1 -1 -1 -1 -1 
-1 -1 -1 -1 -1 -1 -1 -1 -1 -1 -1 
-1 -1 13 -1 -1 -1 -1 5 4 5 -1 
-1 -1 -1 -1 -1 -1 -1 -1 8 -1 -1 
-1 -1 -1 -1 2 2 2 -1 14 -1 -1 
5 -1 -1 -1 2 7 14 8 8 -1 -1 
-1 -1 -1 14 8 9 9 8 -1 -1 -1 
-1 -1 -1 -1 9 9 9 1 -1 -1 -1 
-1 -1 -1 8 1 -1 1 8 -1 -1 -1 
-1 -1 -1 -1 -1 -1 -1 -1 -1 -1 -1 
-1 -1 -1 -1 -1 -1 -1 -1 -1 -1 -1 
-1 -1 -1 -1 -1 -1 -1 -1 -1 5 -1 
-1 -1 -1 -1 -1 -1 -1 -1 -1 5 -1 
-1 -1 5 -1 -1 -1 -1 -1 5 8 -1 
-1 -1 -1 -1 -1 2 2 -1 -1 7 -1 
-1 -1 -1 -1 8 2 7 8 14 -1 -1 
-1 -1 8 14 8 9 1 5 -1 -1 -1 
-1 -1 -1 -1 1 9 9 1 -1 -1 -1 
-1 -1 -1 8 1 -1 1 8 -1 -1 -1 
-1 -1 -1 -1 -1 -1 -1 -1 -1 -1 -1 
