5 64
---
-1 -1 2 -1 -1 
-1 2 2 2 -1 
-1 2 14 15 -1 
-1 -1 1 -1 -1 
-1 -1 1 -1 -1 
-1 -1 9 1 -1 
-1 14 1 1 -1 
-1 -1 14 -1 -1 
-1 2 -1 2 -1 
2 2 2 -1 -1 
-1 2 14 15 -1 
-1 -1 9 -1 -1 
-1 14 9 -1 -1 
-1 14 9 -1 14 
-1 9 1 14 -1 
-1 14 -1 -1 -1 
-1 -1 -1 -1 -1 
-1 2 2 -1 -1 
-1 2 14 -1 -1 
-1 -1 14 15 -1 
-1 15 9 -1 -1 
-1 14 9 -1 -1 
-1 9 1 1 -1 
15 14 -1 14 14 
-1 -1 -1 -1 -1 
-1 2 2 -1 -1 
-1 2 14 15 -1 
-1 -1 1 -1 -1 
-1 15 9 -1 -1 
-1 14 9 1 -1 
15 9 1 1 -1 
14 -1 1 14 -1 
-1 -1 -1 -1 -1 
-1 2 2 2 -1 
-1 2 14 15 -1 
-1 2 9 -1 -1 
-1 -1 14 -1 -1 
-1 15 9 1 -1 
-1 14 1 1 -1 
-1 -1 14 -1 -1 
-1 2 -1 2 -1 
-1 2 2 -1 -1 
-1 2 14 15 -1 
-1 -1 9 -1 -1 
-1 -1 15 -1 -1 
-1 9 15 1 14 
-1 9 1 14 -1 
15 14 -1 -1 -1 
-1 -1 -1 -1 -1 
-1 2 2 -1 -1 
-1 2 14 -1 -1 
-1 -1 14 15 -1 
-1 -1 14 -1 -1 
-1 -1 15 1 -1 
-1 9 1 1 -1 
15 14 -1 14 15 
-1 -1 -1 -1 -1 
-1 2 2 -1 -1 
-1 2 14 15 -1 
-1 2 1 -1 -1 
-1 -1 14 -1 -1 
-1 -1 15 -1 -1 
15 9 1 1 -1 
14 -1 15 14 -1 
